The sequence of nodes visited by the vehicle:
set vehicleNodes :=
0    15   8    44   80   10   58   74   28   27   53   22   12   33
36   48   76   78   1    65   17   66   70   82   79   39   99   89
4    30   31   21   84   85   92   69   51   23   5    2    59
63   9    25   29   11   6    67   45   35   46   40   32   94;

The sequence of nodes visited by the drone:
set dronedNodes :=
0    15   8    44   29   84   65   58   67   45   27   46   54   73   60   72
55   42   98   43   93   90   13   86   41   52   77   95   40   32   94
36   48   31   78   80   11   85   17   74   51   82   53   16   26   37
68   81   88   62   50   56   49   24   57   75   61   3    22   12   33
4    9    25   21   1    10   6    92   66   35   23   79   71   7    47
83   38   19   34   97   14   91   20   64   87   96   5    2    59   89;

The 3-tuple cycles in which the drone was involved:
set droneCycles := (17,18,17);

The node and associated arrival time, departure time, vehicle idle time, and assignment associated with that node:
0 566.0784393450574 566.0784393450574 0 1
1 150.4522853746864 150.4522853746864 0.1946075185973939 1
2 464.6591188297283 464.6591188297283 1.9821466757277335 1
3 412.4838523522919 412.4838523522919 0 0
4 25.344729597280114 25.344729597280114 0 1
5 431.55854077608416 431.55854077608416 0 1
6 215.5880752662382 215.5880752662382 0 1
7 493.3051594174562 493.3051594174562 0 0
8 71.3207408463134 71.3207408463134 0 1
9 60.880434337402846 60.880434337402846 0 1
10 176.98622492733452 176.98622492733452 0 1
11 163.0578366501504 163.0578366501504 0.3944487245360051 1
12 483.5969154979824 483.5969154979824 0 1
13 193.12758353597977 193.12758353597977 0 0
14 182.01116273789495 182.01116273789495 0 0
15 35.96050270314402 35.96050270314402 0 1
16 446.0862333451529 446.0862333451529 0 0
17 241.6622994323817 243.0765129947548 1.4142135623730951 1
18 242.36940621356825 242.36940621356825 0 0
19 94.70256296377467 94.70256296377467 0 0
20 254.98863985561496 254.98863985561496 0 0
21 118.75633119320469 118.75633119320469 0.29681148915986455 1
22 447.6413033063824 447.6413033063824 0 1
23 366.41219342478354 366.41219342478354 0 1
24 246.23879065492318 246.23879065492318 0 0
25 89.70256296377467 89.70256296377467 0 1
26 479.541530359845 479.541530359845 0 0
27 339.95738074937947 339.95738074937947 0 1
28 294.4706494008524 294.4706494008524 0 1
29 137.19542010779045 137.19542010779045 0 1
30 50.063780511010876 50.063780511010876 0 1
31 83.70256296377467 83.70256296377467 0 1
32 474.541530359845 474.541530359845 0.03355372832061221 1
33 532.4637017114935 532.4637017114935 0 1
34 131.10542022843316 131.10542022843316 0 0
35 327.9157861705872 327.9157861705872 7.0046374526780255 1
36 10.311433218907204 10.311433218907204 0 1
37 521.850850718157 521.850850718157 0 0
38 67.24439536808177 67.24439536808177 0 0
39 461.67697215400057 461.67697215400057 0 1
40 441.55854077608416 441.55854077608416 0 1
41 258.1509175157833 258.1509175157833 0 0
42 42.063780511010876 42.063780511010876 0 0
43 101.52147407802026 101.52147407802026 0 0
44 100.40344008927036 100.40344008927036 1.2140441449905524 1
45 292.4706494008524 292.4706494008524 0 1
46 376.7078235657705 376.7078235657705 0 1
47 533.8779152738666 533.8779152738666 0 0
48 46.063780511010876 46.063780511010876 0.053402186745962865 1
49 207.5483742693206 207.5483742693206 0 0
50 148.2162173971866 148.2162173971866 0 0
51 313.1008990420025 313.1008990420025 0.11536106755062292 1
52 303.7067519279745 303.7067519279745 0 0
53 404.86807924642795 404.86807924642795 0 1
54 435.5896696502334 435.5896696502334 0 0
55 4.699283517034792 4.699283517034792 0 0
56 167.30047733726968 167.30047733726968 0 0
57 271.4327716883654 271.4327716883654 0 0
58 229.49677437178525 229.49677437178525 0.9086991055470435 1
59 501.9830182181154 501.9830182181154 0 1
60 506.5107107871841 506.5107107871841 0 0
61 358.6966626852805 358.6966626852805 0 0
62 112.49134915013386 112.49134915013386 0 0
63 32.96050270314402 32.96050270314402 0 1
64 282.2155005589295 282.2155005589295 0 0
65 191.54644470589557 191.54644470589557 0 1
66 275.81237632149663 275.81237632149663 0 1
67 256.56977868569913 256.56977868569913 0.1506156080337746 1
68 17.59154310818772 17.59154310818772 0 0
69 290.2345814233526 290.2345814233526 0 1
70 296.70671737835215 296.70671737835215 0 1
71 459.7346899288302 459.7346899288302 0 0
72 542.3938083072943 542.3938083072943 0 0
73 467.1591188297283 467.1591188297283 0 0
74 264.63203643399765 264.63203643399765 0 1
75 319.1836615723007 319.1836615723007 0 0
76 74.48301850648178 74.48301850648178 0 1
77 344.0804863749971 344.0804863749971 0 0
78 108.01921319513427 108.01921319513427 0 1
79 421.36050174889857 421.36050174889857 0 1
80 142.19542010779045 142.19542010779045 0 1
81 53.081614934819974 53.081614934819974 0 0
82 352.9957855597848 352.9957855597848 0 1
83 31.3862525840774 31.3862525840774 0 0
84 155.4522853746864 155.4522853746864 0 1
85 200.03172608013415 200.03172608013415 0 1
86 235.34912432714506 235.34912432714506 0 0
87 332.2169488041085 332.2169488041085 0 0
88 84.70256296377467 84.70256296377467 0 0
89 538.7882570318303 538.7882570318303 0 1
90 159.0578366501504 159.0578366501504 0 0
91 223.66582247693995 223.66582247693995 0 0
92 252.2960574520477 252.2960574520477 0 1
93 138.69542010779045 138.69542010779045 0 0
94 514.0246127969077 514.0246127969077 0 1
95 377.82585755452044 377.82585755452044 0 0
96 367.41219342478354 367.41219342478354 0 0
97 151.4522853746864 151.4522853746864 0 0
98 76.63581375268072 76.63581375268072 0 0
99 491.21268860384635 491.21268860384635 0 1
