The sequence of nodes visited by the vehicle:
set vehicleNodes :=
0    38   30   16   19   94   35   72   5    24   22   88   62   92
97   6    79   50   55   51   12   53   31   44   41   58   85   86
87   89   14   73   70   26   33   57   49   10   42   74   21   59
4    45   90   48   64   99   54   3    36   95   17   8    66   43;

The sequence of nodes visited by the drone:
set dronedNodes :=
0    4    45   63   29   67   71   83   76   32   65   47   75   1
11   27   2    90   48   70   26   33   5    36   10   42   74   66
97   38   30   69   34   9    28   15   25   82   77   93   60   52
68   78   79   16   19   94   99   72   31   24   22   88   62   59
87   89   80   96   13   98   40   84   61   91   46   18   56   81
37   23   14   73   55   51   35   57   49   44   41   58   85;

The 3-tuple cycles in which the drone was involved:
set droneCycles := (6,7,6) (72,39,72) (57,20,57);

The node and associated arrival time, departure time, vehicle idle time, and assignment associated with that node:
0 599.9386367619853 599.9386367619853 0 1
1 521.1554269095446 521.1554269095446 0 0
2 81.8169744828085 81.8169744828085 0 0
3 289.0423628968601 289.0423628968601 0 1
4 39.12385286777149 39.12385286777149 0 1
5 296.458641501986 296.458641501986 1.3335160748276849 1
6 50.79166189153403 53.79166189153403 3 1
7 52.29166189153403 52.29166189153403 0 0
8 488.4809319463452 488.4809319463452 0 1
9 165.99327390319837 165.99327390319837 0 0
10 381.2777054605263 381.2777054605263 0 1
11 16.49245067981821 16.49245067981821 0 0
12 213.232104583056 213.232104583056 0 1
13 144.4986269116339 144.4986269116339 0 0
14 101.30419709626491 101.30419709626491 0 1
15 237.273881600702 237.273881600702 0 0
16 115.35958223440232 115.35958223440232 0 1
17 432.0721043748518 432.0721043748518 0 1
18 451.16011186548684 451.16011186548684 0 0
19 142.6958512739019 142.6958512739019 0 1
20 271.62398401252204 271.62398401252204 0 0
21 518.7345339483353 518.7345339483353 0 1
22 398.30880588654327 398.30880588654327 3.3691966363263646 1
23 70.13269379915225 70.13269379915225 0 0
24 342.0593725654115 342.0593725654115 0 1
25 302.958641501986 302.958641501986 0 0
26 181.8123470970605 181.8123470970605 0 1
27 42.1652341329206 42.1652341329206 0 0
28 183.2265606594336 183.2265606594336 0 0
29 129.04342358185386 129.04342358185386 0 0
30 86.74016518510516 86.74016518510516 0 1
31 317.1888909727437 317.1888909727437 0.21196494207453043 1
32 330.46304284099045 330.46304284099045 0 0
33 226.83357509179146 226.83357509179146 0 1
34 136.21473235568754 136.21473235568754 0 0
35 210.06982692288764 210.06982692288764 0 1
36 335.3511686329121 335.3511686329121 0 1
37 35.21628280012757 35.21628280012757 0 0
38 47.18611061607004 47.18611061607004 0 1
39 255.92136499175803 255.92136499175803 0 0
40 193.30612876385607 193.30612876385607 0 0
41 411.762429933617 411.762429933617 0 1
42 425.3639004423524 425.3639004423524 0 1
43 581.0894977111423 581.0894977111423 0 1
44 353.7640724761311 353.7640724761311 0 1
45 79.12439207924125 79.12439207924125 0 1
46 405.82545407572974 405.82545407572974 0 0
47 416.4794204996453 416.4794204996453 0 0
48 134.63359352560335 134.63359352560335 0.30645068822732924 1
49 320.3511686329121 320.3511686329121 0 1
50 123.60579348563765 123.60579348563765 0 1
51 175.48779177672372 175.48779177672372 1.5322475511229925 1
52 543.2638432608512 543.2638432608512 0 0
53 262.9627462569071 262.9627462569071 0 1
54 238.0139149792904 238.0139149792904 0 1
55 154.73744585269418 154.73744585269418 0 1
56 497.8774968022429 497.8774968022429 0 0
57 269.5026636689624 273.7453043560817 4.242640687119285 1
58 459.4557420064738 459.4557420064738 0 1
59 558.5284693657853 558.5284693657853 0 1
60 479.0884879568954 479.0884879568954 0 0
61 317.89599775393026 317.89599775393026 0 0
62 492.9530679013448 492.9530679013448 0 1
63 105.91396932491136 105.91396932491136 0 0
64 164.3532189585581 164.3532189585581 0 1
65 360.9229830077693 360.9229830077693 0 0
66 529.1748404572459 529.1748404572459 0 1
67 159.03860848621548 159.03860848621548 0 0
68 26.436494812864563 26.436494812864563 0 0
69 110.85958223440232 110.85958223440232 0 0
70 162.3532189585581 162.3532189585581 0 1
71 177.72385975422353 177.72385975422353 0 0
72 252.8799837266089 258.9627462569071 6.082762530298219 1
73 125.84186146313743 125.84186146313743 0 1
74 474.5884879568954 474.5884879568954 0 1
75 467.9557420064738 467.9557420064738 0 0
76 289.93943909678336 289.93943909678336 0 0
77 391.78960348134063 391.78960348134063 0 0
78 55.91823521435653 55.91823521435653 0 0
79 89.90244284527354 89.90244284527354 0 1
80 97.18255273455406 97.18255273455406 0 0
81 565.3292046201531 565.3292046201531 0 0
82 336.7653821952852 336.7653821952852 0 0
83 221.30592945000976 221.30592945000976 0 0
84 264.55291620065657 264.55291620065657 0 0
85 513.0776796988429 513.0776796988429 0 1
86 555.366191705617 555.366191705617 0 1
87 30.068467729634072 30.068467729634072 0 1
88 449.16011186548684 449.16011186548684 0 1
89 65.5229215705058 65.5229215705058 2.511715221678884 1
90 110.35958223440232 110.35958223440232 0 1
91 348.1421350957097 348.1421350957097 0 0
92 542.2132452676511 542.2132452676511 0 1
93 440.06934161220516 440.06934161220516 0 0
94 172.95554422560073 172.95554422560073 0 1
95 392.9396092502169 392.9396092502169 0 1
96 122.37741665821143 122.37741665821143 0 0
97 23.743912409297312 23.743912409297312 0 1
98 174.07357821435062 174.07357821435062 0 0
99 190.75661900705967 190.75661900705967 0 1
