The sequence of nodes visited by the vehicle:
set vehicleNodes :=
0    46   72   27   12   53   65   22   9    81   30   33   63   50   56
86   98   82   16   73   24   19   62   67   31   83   3    95   80
51   57   13   48   96   34   94   14   43   35   47   69   89   87
6    91   68   29   25   60   79   93   66   76   21   41   26   38;

The sequence of nodes visited by the drone:
set dronedNodes :=
0    46   52   70   85   23   15   36   40   10   74   64   75   26   56
92   98   72   27   29   96   34   19   62   67   35   3    63   11   54
51   49   28   88   42   37   18   55   97   17   99   1    95   50
32   57   13   16   12   25   60   94   93   43   76   69   84   90
6    2    20   8    45   44   61   78   58   77   5    4    89   38
59   91   68   48   73   24   65   22   9    31   21   41   39   7;

The 3-tuple cycles in which the drone was involved:
set droneCycles := (66,71,66);

The node and associated arrival time, departure time, vehicle idle time, and assignment associated with that node:
0 523.1723154940114 523.1723154940114 0 1
1 389.0825702822061 389.0825702822061 0 0
2 49.8135513358778 49.8135513358778 0 0
3 387.9645362934562 387.9645362934562 0 1
4 396.78909161379295 396.78909161379295 0 0
5 357.77495005471104 357.77495005471104 0 0
6 25.244849172202507 25.244849172202507 0 1
7 492.90584512001624 492.90584512001624 0 0
8 106.92843788499158 106.92843788499158 0 0
9 271.88859101152525 271.88859101152525 0 1
10 273.4697298416094 273.4697298416094 0 0
11 445.7639756393286 445.7639756393286 0 0
12 138.30228409789274 138.30228409789274 0.2830094339716993 1
13 83.40132971608732 83.40132971608732 0 1
14 251.6568255475109 251.6568255475109 0 1
15 172.1865916560931 172.1865916560931 0 0
16 105.92843788499158 105.92843788499158 0 1
17 286.88526388381484 286.88526388381484 0 0
18 186.11294274341725 186.11294274341725 0 0
19 216.53386706016045 216.53386706016045 0 1
20 86.09391211965458 86.09391211965458 0 0
21 380.67915300767015 380.67915300767015 0 1
22 233.90326059782427 233.90326059782427 0 1
23 148.91561286834545 148.91561286834545 0 0
24 168.37870510316114 168.37870510316114 3.2629275292414377 1
25 158.31639920441208 158.31639920441208 0.708203932499373 1
26 439.91162568396874 439.91162568396874 0 1
27 97.38443413967406 97.38443413967406 1.6729823590659834 1
28 74.99521465649796 74.99521465649796 0 0
29 128.58529353186444 128.58529353186444 0 1
30 357.1220912733747 357.1220912733747 0 1
31 318.98461199674693 318.98461199674693 2.3835009699301963 1
32 17.64806578511525 17.64806578511525 0 0
33 383.84143066783855 383.84143066783855 0 1
34 177.59824956045404 177.59824956045404 0 1
35 330.1649518842459 330.1649518842459 0 1
36 213.17976509391076 213.17976509391076 0 0
37 154.9622972381624 154.9622972381624 0 0
38 481.6697425928941 481.6697425928941 0 1
39 433.27835801837244 433.27835801837244 0 0
40 237.90326059782427 237.90326059782427 0 0
41 404.7293981227035 404.7293981227035 0 1
42 133.58529353186444 133.58529353186444 0 0
43 292.7828098305086 292.7828098305086 0 1
44 165.02460313691145 165.02460313691145 0 0
45 139.88342292797694 139.88342292797694 0 0
46 31.953053104701876 31.953053104701876 0 1
47 370.83029520587405 370.83029520587405 0 1
48 114.98382302312899 114.98382302312899 0 1
49 40.406174584544345 40.406174584544345 0 0
50 454.7776944312872 454.7776944312872 0 1
51 13.038293556468805 13.038293556468805 0 1
52 67.5856416869024 67.5856416869024 0 0
53 163.7015640115466 163.7015640115466 0 1
54 514.3193694562568 514.3193694562568 0 0
55 218.03386706016045 218.03386706016045 0 0
56 511.8193694562568 511.8193694562568 0 1
57 48.232412505793604 48.232412505793604 0 1
58 259.2558450611037 259.2558450611037 0 0
59 28.850400447666495 28.850400447666495 0 0
60 190.384944616076 190.384944616076 3.5671505983290785 1
61 202.0468484057666 202.0468484057666 0 0
62 244.94862161501152 244.94862161501152 0 1
63 412.34517122856744 412.34517122856744 0 1
64 384.28470428313415 384.28470428313415 0 1.127449103665583e-09
65 207.58959515016127 207.58959515016127 0 1
66 302.0023542878015 304.8307814125477 2.8284271247461903 1
67 281.73744881332135 281.73744881332135 0 1
68 90.6124322670153 90.6124322670153 0 1
69 394.28909161379295 394.28909161379295 0 1
70 93.1124322670153 93.1124322670153 0 0
71 303.4165678501746 303.4165678501746 0 0
72 70.27822409046966 70.27822409046966 0.29123605283554355 1
73 145.0104880303921 145.0104880303921 0 1
74 326.00244642055605 326.00244642055605 0 0
75 406.9654661002033 406.9654661002033 0 0
76 348.06670613523727 348.06670613523727 3.0356855036728803 1
77 310.84520169869705 310.84520169869705 0 0
78 225.7341291762523 225.7341291762523 0 0
79 226.8321927859588 226.8321927859588 0 1
80 460.60864632613254 460.60864632613254 0 1
81 315.60111102681674 315.60111102681674 0 1
82 74.40132971608732 74.40132971608732 0 1
83 363.83029520587405 363.83029520587405 0 1
84 423.57461205596104 423.57461205596104 0 0
85 121.94801716172105 121.94801716172105 0 0
86 5.038293556468804 5.038293556468804 0 1
87 480.255529030521 480.255529030521 0 1
88 99.18720977740605 99.18720977740605 0 0
89 427.87003110517645 427.87003110517645 0 1
90 467.3971238954112 467.3971238954112 0 0
91 59.93711241651323 59.93711241651323 0 1
92 3.212150576284538 3.212150576284538 0 0
93 256.7558450611037 256.7558450611037 0 1
94 218.76993503766025 218.76993503766025 0 1
95 416.4682768541851 416.4682768541851 0 1
96 151.6081952719127 151.6081952719127 2.5977072415205953 1
97 249.94862161501152 249.94862161501152 0 0
98 37.05207261829466 37.05207261829466 0 1
99 341.56670613523727 341.56670613523727 0 0
