The sequence of nodes visited by the vehicle:
set vehicleNodes :=
0    41   26   96   28   17   97   15   70   69   66   53   80   23   55
87   52   47   54   56   24   35   16   77   33   90   73   1    25
5    30   14   57   20   99   44   76   72   3    42   7    27   10
89   68   46   81   92   8    4    64   36   60   93   62   19   9;

The sequence of nodes visited by the drone:
set dronedNodes :=
0    52   26   46   56   24   39   50   72   33   90   73   1    25   55
38   51   59   29   22   99   35   76   88   82   13   40   58   2    75
89   30   47   54   92   83   32   61   36   60   93   62   27   10
45   11   31   79   65   8    4    70   67   84   21   86   6    43
41   68   14   28   17   85   74   71   69   66   53   80   19   9
48   95   37   94   91   97   15   77   49   78   12   98   63   34;

The 3-tuple cycles in which the drone was involved:
set droneCycles := (96,18,96);

The node and associated arrival time, departure time, vehicle idle time, and assignment associated with that node:
0 561.8829056372388 561.8829056372388 0.6007525147904289 1
1 479.5720932260765 479.5720932260765 0 1
2 515.1020745772377 515.1020745772377 0 0
3 390.83749433719936 390.83749433719936 0 1
4 267.6049018600365 267.6049018600365 0 1
5 15.342627764281023 15.342627764281023 0 1
6 494.2741081215962 494.2741081215962 0 0
7 448.33680164312807 448.33680164312807 0 1
8 219.50791529142856 219.50791529142856 0 1
9 538.0008917586861 538.0008917586861 0 1
10 517.9011405164443 517.9011405164443 0 1
11 64.64914068301934 64.64914068301934 0 0
12 437.29583039426393 437.29583039426393 0 0
13 420.70404656883176 420.70404656883176 0 0
14 131.32498893235052 131.32498893235052 0 1
15 278.37690373269527 278.37690373269527 1.827729962659646 1
16 292.3052920098794 292.3052920098794 0 1
17 196.42997347202146 196.42997347202146 0 1
18 143.6127980397676 143.6127980397676 0 0
19 503.41585914220576 503.41585914220576 0 1
20 174.60152996260564 174.60152996260564 0 1
21 429.15762044694816 429.15762044694816 0 0
22 179.21730306846956 179.21730306846956 0 0
23 504.83007270457887 504.83007270457887 0 1
24 204.49223122032 204.49223122032 0 1
25 510.83007270457887 510.83007270457887 0 1
26 97.87260866781541 97.87260866781541 0 1
27 493.56700134040966 493.56700134040966 0.9949081143331568 1
28 164.53046215074016 164.53046215074016 2.4164897033063255 1
29 144.08258139929 144.08258139929 0 0
30 60.64914068301935 60.64914068301935 0 1
31 115.25648178642643 115.25648178642643 0 0
32 253.38127490884847 253.38127490884847 0 0
33 386.83749433719936 386.83749433719936 0 1
34 544.5008917586861 544.5008917586861 0 0
35 246.58053965448076 246.58053965448076 0 1
36 352.98756709714735 352.98756709714735 0 1
37 134.24046487977319 134.24046487977319 0 0
38 11.273381247975731 11.273381247975731 0 0
39 241.42271482663605 241.42271482663605 0 0
40 446.87233554906084 446.87233554906084 0 0
41 31.381032574686323 31.381032574686323 0 1
42 412.8440239954971 412.8440239954971 0 1
43 524.8473625111692 524.8473625111692 0 0
44 248.81660763198056 248.81660763198056 0 1
45 28.05087168375482 28.05087168375482 0 0
46 137.2818461449223 137.2818461449223 0.9568572125717765 1
47 102.17022945812403 102.17022945812403 1.2976207903086134 1
48 40.22693558116339 40.22693558116339 0 0
49 371.1988098345292 371.1988098345292 0 0
50 286.5163140307451 286.5163140307451 0 0
51 51.927812706659076 51.927812706659076 0 0
52 46.22693558116339 46.22693558116339 1.8459030064770658 1
53 433.48794384133197 433.48794384133197 0 1
54 151.18386585163307 151.18386585163307 0 1
55 553.0008917586861 553.0008917586861 0 1
56 171.60152996260564 171.60152996260564 0 1
57 157.50842117196984 157.50842117196984 0 1
58 485.756751664503 485.756751664503 0 0
59 99.93416148062424 99.93416148062424 0 0
60 399.7817662471985 399.7817662471985 0 1
61 305.8052920098794 305.8052920098794 0 0
62 459.3821626603153 459.3821626603153 0 1
63 505.5371794857654 505.5371794857654 0 0
64 309.4043115234722 309.4043115234722 0 1
65 187.24224087903002 187.24224087903002 0 0
66 403.7817662471985 403.7817662471985 0 1
67 355.2236350746471 355.2236350746471 0 0
68 82.73986271739386 82.73986271739386 0 1
69 366.58903760588277 366.58903760588277 0 1
70 312.5665891836406 312.5665891836406 0 1
71 325.5665891836406 325.5665891836406 0 0
72 341.585812846156 341.585812846156 0 1
73 443.33680164312807 443.33680164312807 0 1
74 271.87690373269527 271.87690373269527 0 0
75 555.5008917586861 555.5008917586861 0 0
76 304.3052920098794 304.3052920098794 0 1
77 338.585812846156 338.585812846156 0 1
78 406.2817662471985 406.2817662471985 0 0
79 156.20880366219353 156.20880366219353 0 0
80 469.5222176049556 469.5222176049556 3.815499624303527 1
81 161.11397244743384 161.11397244743384 0 1
82 394.91524154790113 394.91524154790113 0 0
83 211.40644478269311 211.40644478269311 0 0
84 402.2817662471985 402.2817662471985 0 0
85 225.69257372985504 225.69257372985504 0 0
86 463.0222176049556 463.0222176049556 0 0
87 9.018072443944263 9.018072443944263 0 0.9999995444044895
88 346.1955850748024 346.1955850748024 0 0
89 18.342627764281023 18.342627764281023 0 1
90 411.8440239954971 411.8440239954971 0 1
91 200.5530790976391 200.5530790976391 0 0
92 182.21730306846956 182.21730306846956 0 1
93 424.88561857428937 424.88561857428937 0 1
94 167.07997190753656 167.07997190753656 0 0
95 87.04102535091518 87.04102535091518 0 0
96 143.1127980397676 144.1127980397676 1 1
97 231.71447090716225 231.71447090716225 0 1
98 472.0222176049556 472.0222176049556 0 0
99 205.90644478269311 205.90644478269311 0 1
