The sequence of nodes visited by the vehicle:
set vehicleNodes :=
0    32   50   39   65   30   9    42   62   31   84   68   22   35
54   93   52   85   69   92   10   21   97   29   71   24   27   2
46   8    78   51   67   76   63   56   95   53   82   75   61   17
11   60   58   87   88   98   59   16   45   5    36   64   19   44;

The sequence of nodes visited by the drone:
set dronedNodes :=
0    60   58   51   69   30   9    42   62   45   89   57   96   33   72
77   41   4    15   37   14   73   55   99   25   84   36   64   61   44
32   50   39   87   67   92   10   21   97   31   6    40   83   80   81
43   94   66   3    79   1    86   7    20   47   71   68   22   35
8    78   85   65   88   98   59   56   95   53   28   12   48   90
70   13   23   34   18   91   38   74   49   5    82   75   27   17;

The 3-tuple cycles in which the drone was involved:
set droneCycles := (63,26,63);

The node and associated arrival time, departure time, vehicle idle time, and assignment associated with that node:
0 648.6962351605548 648.6962351605548 0 1
1 205.16173216617557 205.16173216617557 0 0
2 581.6908214472395 581.6908214472395 0 1
3 138.34735824271618 138.34735824271618 0 0
4 87.23901669249243 87.23901669249243 0 0
5 446.8368220654901 446.8368220654901 0 1
6 463.35651189934936 463.35651189934936 0 0
7 282.8097184083375 282.8097184083375 0 0
8 37.186248353149416 37.186248353149416 0 1
9 224.47986450515154 224.47986450515154 0 1
10 232.68074163064722 232.68074163064722 1.2008771254956798 1
11 28.108561122685845 28.108561122685845 0 1
12 496.74672684284855 496.74672684284855 0 0
13 71.28526935667553 71.28526935667553 0 0
14 196.5852589471926 196.5852589471926 0 0
15 126.97680900963022 126.97680900963022 0 0
16 295.08156809705036 295.08156809705036 0 1
17 588.0939456846723 588.0939456846723 0 1
18 188.2216343618859 188.2216343618859 0 0
19 571.2085422185044 571.2085422185044 0 1
20 352.6517790888545 352.6517790888545 0 0
21 272.68549004267925 272.68549004267925 0 1
22 534.2234098863521 534.2234098863521 0.7464542320313967 1
23 113.80198120782563 113.80198120782563 0 0
24 494.4551022512796 494.4551022512796 0 1
25 382.99081539837425 382.99081539837425 0 0
26 239.18074163064722 239.18074163064722 0 0
27 550.2546294282336 550.2546294282336 0 1
28 473.2532785652516 473.2532785652516 0 0
29 431.8368220654901 431.8368220654901 0 1
30 192.0575663781239 192.0575663781239 0 1
31 424.0265723895834 424.0265723895834 0 1
32 29.108561122685845 29.108561122685845 0 1
33 550.9617362094201 550.9617362094201 0 0
34 149.63273599270332 149.63273599270332 0 0
35 573.4446101960042 573.4446101960042 0 1
36 483.9728230225445 483.9728230225445 0 1
37 165.0961887692402 165.0961887692402 0 0
38 246.92590708786562 246.92590708786562 0 0
39 94.65578551205331 94.65578551205331 0 1
40 486.2088910000443 486.2088910000443 0 0
41 43.21975828932196 43.21975828932196 0 0
42 251.14483081414122 251.14483081414122 0 1
43 33.35120180980513 33.35120180980513 0 0
44 620.3429766778665 620.3429766778665 0 1
45 381.57660183600115 381.57660183600115 0 1
46 17.812930981698845 17.812930981698845 0 1
47 438.5351905181303 438.5351905181303 0 0
48 540.5873709170311 540.5873709170311 0 0
49 379.9534962103835 379.9534962103835 0 0
50 47.58439223117983 47.58439223117983 0 1
51 120.30597697756706 120.30597697756706 0 1
52 48.58439223117983 48.58439223117983 0 1
53 444.8368220654901 444.8368220654901 0 1
54 2.2887562854388217 2.2887562854388217 0 1
55 259.20708856243976 259.20708856243976 0 0
56 293.08156809705036 293.08156809705036 0 1
57 478.87638419086926 478.87638419086926 0 0
58 85.43624105476043 85.43624105476043 2.851848823580596 1
59 241.09495519302033 241.09495519302033 0 1
60 40.30428234189931 40.30428234189931 0.8819660112500998 1
61 555.911483677726 555.911483677726 0 1
62 339.36474774801945 339.36474774801945 0 1
63 238.68074163064722 239.68074163064722 1 1
64 523.6280978525245 523.6280978525245 0.19519685791124175 1
65 145.60160711855406 145.60160711855406 0 1
66 102.27155861791722 102.27155861791722 0 0
67 171.89573839855083 171.89573839855083 0 1
68 492.2190342737798 492.2190342737798 0 1
69 163.2934131315082 163.2934131315082 0 1
70 38.30428234189931 38.30428234189931 0 0
71 471.4505029275196 471.4505029275196 0 1
72 591.2955078033888 591.2955078033888 0 0
73 230.18074163064722 230.18074163064722 0 0
74 297.6913403256968 297.6913403256968 0 0
75 509.97927694753963 509.97927694753963 0 1
76 202.8278996343119 202.8278996343119 0 1
77 11.090657814148534 11.090657814148534 0 0
78 65.58439223117983 65.58439223117983 0 1
79 173.47687722863503 173.47687722863503 0 0
80 561.5016536214755 561.5016536214755 0 0
81 629.8429766778665 629.8429766778665 0 0
82 474.7532785652516 474.7532785652516 0.14049797756359794 1
83 531.0611322261838 531.0611322261838 0 0
84 456.6856798672862 456.6856798672862 0 1
85 113.09487442663908 113.09487442663908 0 1
86 237.39773219667552 237.39773219667552 0 0
87 135.30597697756707 135.30597697756707 0 1
88 178.6039423310502 178.6039423310502 0 1
89 449.9990997256585 449.9990997256585 0 0
90 577.6872508831235 577.6872508831235 0 0
91 216.3084464550248 216.3084464550248 0 0
92 198.5852589471926 198.5852589471926 1.4286730554759117 1
93 33.58069707768543 33.58069707768543 0 1
94 51.70749785679749 51.70749785679749 0 0
95 377.4534962103835 377.4534962103835 0 1
96 514.0104058216889 514.0104058216889 0 0
97 346.13257668365185 346.13257668365185 0.7678289356323944 1
98 207.9269191479047 207.9269191479047 0 1
99 342.97029902348345 342.97029902348345 0 0
