The sequence of nodes visited by the vehicle:
set vehicleNodes := 0 15 6 5 13 2 10 14 9 19 8 7 12;

The sequence of nodes visited by the drone:
set dronedNodes := 0 17 13 16 2 4 10 11 14 3 7 1;

The 3-tuple cycles in which the drone was involved:
set droneCycles := (10,18,10);

The node and associated arrival time, departure time, vehicle idle time, and assignment associated with that node:
0 319.91081822153245 319.91081822153245 0 1
1 281.82889343197445 281.82889343197445 0 0
2 96.35186239938277 96.35186239938277 0.4365571982085896 1
3 223.83576552208274 223.83576552208274 0 0
4 113.19310343391768 113.19310343391768 0 0
5 78.08168763485946 78.08168763485946 0 1
6 76.20536589867444 76.20536589867444 0 1
7 255.16795137014995 255.16795137014995 0.09323331237121124 1
8 239.25400942549007 239.25400942549007 0 1
9 206.9304935334976 206.9304935334976 0 1
10 125.78272928971515 145.7070478588253 19.92431856911013 1
11 167.34131789874857 167.34131789874857 0 0
12 304.33301508764345 304.33301508764345 0 1
13 84.41550862778573 84.41550862778573 0 1
14 187.78209158507383 187.78209158507383 0 1
15 23.770823612681703 23.770823612681703 0 1
16 88.37364699253071 88.37364699253071 0 0
17 40.23955595405342 40.23955595405342 0 0
18 135.74488857427022 135.74488857427022 0 0
19 223.57010990341902 223.57010990341902 0 1
