The sequence of nodes visited by the vehicle:
set vehicleNodes := 0 3 13 17 9 14 1 15 8 2 7;

The sequence of nodes visited by the drone:
set dronedNodes := 0 3 12 13 16 9 19 1 6 15 5 8 4 2 18 7 11;

The 3-tuple cycles in which the drone was involved:
set droneCycles := (15,10,15);

The node and associated arrival time, departure time, vehicle idle time, and assignment associated with that node:
0 359.4157749477185 359.4157749477185 0 1
1 227.06077626054105 227.06077626054105 0 1
2 273.8171815899026 273.8171815899026 0 1
3 17.74431284402884 17.74431284402884 0 1
4 262.13607193858314 262.13607193858314 0 0
5 255.17188062301324 255.17188062301324 0 0
6 236.77012602606428 236.77012602606428 0 0
7 312.4537914671296 312.4537914671296 0.13135067019891267 1
8 259.0494264375176 259.0494264375176 0 1
9 147.22608678812333 147.22608678812333 0 1
10 249.68547405096683 249.68547405096683 0 0
11 327.60376358411804 327.60376358411804 0 0
12 37.43894434103208 37.43894434103208 0 0
13 57.807559211377686 57.807559211377686 0 1
14 214.6186634984785 214.6186634984785 0 1
15 248.91229806747094 250.45865003446272 1.546351966991796 1
16 107.34816683502936 107.34816683502936 0 0
17 68.32348618359471 68.32348618359471 0 1
18 292.69761222414604 292.69761222414604 0 0
19 180.57878782045378 180.57878782045378 0 0
