The sequence of nodes visited by the vehicle:
set vehicleNodes :=
0    20   83   13   19   86   18   82   91   33   42   34   59   68   95
6    81   8    98   4    32   41   65   26   88   47   78   94   43   9
1    10   92   53   61   76   52   36   74   21   58   27   89   69
49   57   70   39   55   87   40   67   11   85   63   54   12   64;

The sequence of nodes visited by the drone:
set dronedNodes :=
0    80   10   45   53   66   87   24   36   38   85   44   54   56   69   17
50   20   15   13   71   86   48   82   97   33   23   78   62   68   3    9
1    14   92   46   39   31   41   73   67   90   42   5    94   28   64   72
25   81   79   98   77   76   30   65   75   88   16   27   37   43   96
49   51   70   22   61   60   52   99   11   84   63   29   12   93   95;

The 3-tuple cycles in which the drone was involved:
set droneCycles := (33,35,33) (68,2,68) (95,7,95);

The node and associated arrival time, departure time, vehicle idle time, and assignment associated with that node:
0 707.5116528117428 707.5116528117428 0 1
1 23.190787635799964 23.190787635799964 0 1
2 579.1949985903279 579.1949985903279 0 0
3 631.7396420936952 631.7396420936952 0 0
4 170.9377968147326 170.9377968147326 0 1
5 494.2988248510884 494.2988248510884 0 0
6 13.971243178507077 13.971243178507077 0 1
7 651.6955243809754 651.6955243809754 0 0
8 112.5987574543376 112.5987574543376 0 1
9 687.3238605214759 687.3238605214759 0 1
10 74.64471895312555 74.64471895312555 0 1
11 333.9740695803089 333.9740695803089 0 1
12 557.5936320155738 557.5936320155738 0 1
13 133.19673018009672 133.19673018009672 0 1
14 58.94180206861286 58.94180206861286 0 0
15 99.64971845322552 99.64971845322552 0 0
16 433.4646381244617 433.4646381244617 0 0
17 657.8964015064711 657.8964015064711 0 0
18 244.62586184174546 244.62586184174546 0 1
19 167.3322455392686 167.3322455392686 0 1
20 47.398405687997666 47.398405687997666 0 1
21 380.01632778438534 380.01632778438534 0 1
22 146.48108804370034 146.48108804370034 0 0
23 412.1289126375134 412.1289126375134 0 0
24 267.1766495903583 267.1766495903583 0 0
25 30.822956397036837 30.822956397036837 0 0
26 325.02979767030973 325.02979767030973 0 1
27 502.7841062253269 502.7841062253269 0 1
28 585.5588383692127 585.5588383692127 0 0
29 504.2841062253269 504.2841062253269 0 0
30 256.08995102523943 256.08995102523943 0 0
31 201.50474268754678 201.50474268754678 0 0
32 217.390898706974 217.390898706974 0 1
33 354.49235410899206 359.59137362258485 5.0990195135927845 1
34 486.4703977263422 486.4703977263422 0 1
35 357.04186386578846 357.04186386578846 0 0
36 299.9341197108523 299.9341197108523 0 1
37 548.071852332969 548.071852332969 0 0
38 339.19422283476416 339.19422283476416 0 0
39 157.3322455392686 157.3322455392686 0 1
40 274.67484229122687 274.67484229122687 0 1
41 246.04007540411857 246.04007540411857 0 1
42 427.27997968603523 427.27997968603523 0 1
43 589.0943722751455 589.0943722751455 1.3519312175146752 1
44 458.18411525286564 458.18411525286564 0 0
45 129.6139676497985 129.6139676497985 0 0
46 137.00461673302868 137.00461673302868 0 0
47 432.378999199628 432.378999199628 0 1
48 237.63902886124032 237.63902886124032 0 0
49 40.99528145056482 40.99528145056482 0 1
50 6.689128193179319 6.689128193179319 0 0
51 66.24296470213417 66.24296470213417 0 0
52 261.07337178249145 261.07337178249145 0 1
53 150.1211429883406 150.1211429883406 0.05426850701337571 1
54 510.5943559012336 510.5943559012336 0 1
55 180.9377968147326 180.9377968147326 0 1
56 561.7167376411915 561.7167376411915 0 0
57 86.34941886384517 86.34941886384517 0 1
58 434.6150671771278 434.6150671771278 0 1
59 531.4030079479185 531.4030079479185 0 1
60 227.8982451337628 227.8982451337628 0 0
61 175.9377968147326 175.9377968147326 0 1
62 521.6961575568208 521.6961575568208 0 0
63 439.98384052966435 439.98384052966435 2.5403462277903373 1
64 642.4909535919186 642.4909535919186 0 1
65 287.7275640951186 287.7275640951186 0 1
66 183.76403473598185 183.76403473598185 0 0
67 319.0390928853951 319.0390928853951 0 1
68 576.0327209301596 582.3572762504963 6.324555320336759 1
69 630.3254285313221 630.3254285313221 0 1
70 127.1139676497985 127.1139676497985 0 1
71 152.670652745137 152.670652745137 0 0
72 695.2295546718968 695.2295546718968 0 0
73 279.73933739347285 279.73933739347285 0 0
74 331.7380016028091 331.7380016028091 0 1
75 328.0390928853951 328.0390928853951 0 0
76 222.4899182205668 222.4899182205668 0 1
77 161.60424741192736 161.60424741192736 0 0
78 491.4703977263422 491.4703977263422 0 1
79 120.02944359722115 120.02944359722115 0 0
80 43.056834263373645 43.056834263373645 0 0
81 63.242964702134174 63.242964702134174 0.7118130637149491 1
82 276.91091026872664 276.91091026872664 0 1
83 94.15966853975183 94.15966853975183 0 1
84 384.06515267514493 384.06515267514493 0 0
85 392.22288340011903 392.22288340011903 0 1
86 195.8038655620511 195.8038655620511 0 1
87 235.13902886124032 235.13902886124032 0 1
88 376.85405012421694 376.85405012421694 0 1
89 551.269076695237 551.269076695237 0 1
90 365.09137362258485 365.09137362258485 0 0
91 321.86752001014133 321.86752001014133 0 1
92 117.1139676497985 117.1139676497985 3.515210195460895 1
93 593.3663741478042 593.3663741478042 0 0
94 546.269076695237 546.269076695237 0 1
95 651.1955243809754 652.1955243809754 1 1
96 646.0965048673826 646.0965048673826 0 0
97 303.9652485850016 303.9652485850016 0 0
98 145.06687448132723 145.06687448132723 2.8147591630931004 1
99 289.9636320726184 289.9636320726184 0 0
