The sequence of nodes visited by the vehicle:
set vehicleNodes :=
0    98   72   27   93   29   53   60   36   71   76   33   63   80   56
86   57   82   28   58   73   24   65   40   66   74   3    95   87
6    2    88   16   14   96   44   19   31   43   47   69   89   38
46   42   68   8    85   25   34   94   81   99   21   41   26   54;

The sequence of nodes visited by the drone:
set dronedNodes :=
0    46   42   88   8    85   25   65   40   43   74   1    75   26   54
92   49   91   20   10   78   7    55   77   67   35   3    63   11   32
86   98   72   68   93   29   44   19   31   99   47   64   95   80
51   45   52   70   9    23   18   79   97   5    83   69   84   50
6    2    82   28   14   96   60   36   66   76   21   4    89   87
59   12   13   48   62   37   61   22   17   30   33   41   39   90;

The 3-tuple cycles in which the drone was involved:
set droneCycles := (44,15,44);

The node and associated arrival time, departure time, vehicle idle time, and assignment associated with that node:
0 534.2911642782254 534.2911642782254 0 1
1 397.5873318810877 397.5873318810877 0 0
2 54.07149782508048 54.07149782508048 0 1
3 398.79496155928274 398.79496155928274 0 1
4 407.966286600738 407.966286600738 0 0
5 352.8647423754539 352.8647423754539 0 0
6 24.35150147229677 24.35150147229677 0 1
7 212.38284145111666 212.38284145111666 0 0
8 123.79424105092751 123.79424105092751 0 1
9 150.36061402613828 150.36061402613828 0 0
10 135.19599530191888 135.19599530191888 0 0
11 456.94117062627356 456.94117062627356 0 0
12 60.09229511447663 60.09229511447663 0 0
13 90.46177767204898 90.46177767204898 0 0
14 160.37310622338867 160.37310622338867 4.768615496554531 1
15 216.78796628907 216.78796628907 0 0
16 121.79424105092751 121.79424105092751 0 1
17 321.39982098717553 321.39982098717553 0 0
18 230.7972223751763 230.7972223751763 0 0
19 262.65643319044733 262.65643319044733 0 1
20 98.17288022297696 98.17288022297696 0 0
21 391.5095782734967 391.5095782734967 0 1
22 275.99469785396184 275.99469785396184 0 0
23 189.23882866674757 189.23882866674757 0 0
24 208.77789379728188 208.77789379728188 0 1
25 201.97851542777425 201.97851542777425 0.708203932499373 1
26 451.0888206709138 451.0888206709138 0 1
27 107.30302861071901 107.30302861071901 0 1
28 114.58313849999954 114.58313849999954 0 1
29 180.2249504780876 180.2249504780876 0 1
30 367.1006788639964 367.1006788639964 0 0
31 300.3982086073121 300.3982086073121 0 1
32 520.1742862179707 520.1742862179707 0 0
33 394.6718559336651 394.6718559336651 0 1
34 227.28796628907 227.28796628907 0 1
35 377.75559563374725 377.75559563374725 0 0
36 271.9635689798126 271.9635689798126 0 1
37 198.62441346152457 198.62441346152457 0 0
38 491.25489011221816 491.25489011221816 0 1
39 444.4555530053175 444.4555530053175 0 0
40 282.59371479254725 282.59371479254725 0 1
41 415.90659310964855 415.90659310964855 0 1
42 64.80928568050493 64.80928568050493 0.8382929188127832 1
43 323.8186301901007 323.8186301901007 0 1
44 216.28796628907 217.28796628907 1 1
45 48.94842473470604 48.94842473470604 0 0
46 31.05970540479614 31.05970540479614 0 1
47 381.6607204717006 381.6607204717006 0.486263668037509 1
48 118.88430113352085 118.88430113352085 0 0
49 36.37477831116347 36.37477831116347 0 0
50 473.1092697928792 473.1092697928792 0 0
51 9.038293556468805 9.038293556468805 0 0
52 84.53125444999858 84.53125444999858 0 0
53 207.36368023490877 207.36368023490877 0 1
54 517.9382182404709 517.9382182404709 0 1
55 259.56451123580797 259.56451123580797 0 0
56 522.9382182404709 522.9382182404709 0 1
57 50.9092201649121 50.9092201649121 0 1
58 147.7942410509275 147.7942410509275 0 1
59 27.95705274776076 27.95705274776076 0 0
60 236.5075107463629 236.5075107463629 0 1
61 248.1694145360535 248.1694145360535 0 0
62 163.72720818963836 163.72720818963836 0 0
63 423.5223662155125 423.5223662155125 0 1
64 400.85651437209157 400.85651437209157 0 0
65 253.71216128044816 253.71216128044816 0 1
66 314.5990857328078 314.5990857328078 0.3724500007494953 1
67 329.3413106986943 329.3413106986943 0 0
68 102.20400909712623 102.20400909712623 1.7510189848687503 1
69 405.466286600738 405.466286600738 0.34676972111850546 1
70 104.70400909712623 104.70400909712623 0 0
71 311.3982086073121 311.3982086073121 0 1
72 81.83867204643133 81.83867204643133 0 1
73 191.27031149527488 191.27031149527488 0 1
74 376.1744568036631 376.1744568036631 0 1
75 418.1426610871483 418.1426610871483 0 0
76 362.57298629492766 362.57298629492766 2.4091210449694813 1
77 288.63523777934455 288.63523777934455 0 0
78 175.61626292089738 175.61626292089738 0 0
79 267.3998496806999 267.3998496806999 0 0
80 470.1937938454566 470.1937938454566 0 1
81 301.3982086073121 301.3982086073121 0 1
82 85.96177767204898 85.96177767204898 0 1
83 385.1607204717006 385.1607204717006 0 0
84 434.7518070429061 434.7518070429061 0 0
85 172.41470080218096 172.41470080218096 0 1
86 5.038293556468804 5.038293556468804 0 1
87 489.84067654984506 489.84067654984506 0 1
88 93.17288022297696 93.17288022297696 0 1
89 439.0472260921215 439.0472260921215 0 1
90 493.19477851609474 493.19477851609474 0 0
91 70.83008296990107 70.83008296990107 0 0
92 3.212150576284538 3.212150576284538 0 0
93 142.7942410509275 142.7942410509275 0 1
94 264.8925011679471 264.8925011679471 0 1
95 427.64547184113013 427.64547184113013 0 1
96 195.27031149527488 195.27031149527488 0 1
97 308.8982086073121 308.8982086073121 0 0
98 39.728880277413154 39.728880277413154 3.570155359024227 1
99 347.1638652499582 347.1638652499582 0 1
