The sequence of nodes visited by the vehicle:
set vehicleNodes :=
0    41   36   84   90   45   39   80   19   51   46   79   25   74
50   95   97   53   43   32   9    40   22   92   96   62   44   94
10   6    8    56   60   47   35   61   28   20   16   75   7
52   73   77   63   65   87   99   11   72   86   48   64   83;

The sequence of nodes visited by the drone:
set dronedNodes :=
0    95   36   77   54   18   85   76   68   78   3    17   33   38   34
91   59   81   84   63   60   47   35   40   22   92   96   75   44   74
10   6    97   27   57   37   21   30   55   49   4    93   58   24   94
67   66   5    53   90   65   39   99   61   28   86   16   64   7    29
41   73   8    13   69   42   71   70   14   1    15   82   2    98
88   23   31   56   43   32   9    80   19   72   46   79   25   83;

The 3-tuple cycles in which the drone was involved:
set droneCycles := (92,12,92) (86,89,86) (83,26,83);

The node and associated arrival time, departure time, vehicle idle time, and assignment associated with that node:
0 653.6596764463545 653.6596764463545 0 1
1 445.28432077138643 445.28432077138643 0 0
2 559.4098497831923 559.4098497831923 0 0
3 460.6717639194778 460.6717639194778 0 0
4 476.4297508123906 476.4297508123906 0 0
5 130.96209056252843 130.96209056252843 0 0
6 59.29522981918974 59.29522981918974 0 1
7 595.0799376751801 595.0799376751801 0 1
8 133.6546729660957 133.6546729660957 1.3851648071345153 1
9 344.3966740596363 344.3966740596363 0 1
10 14.662515604382271 14.662515604382271 0 1
11 403.45582372675494 403.45582372675494 0 1
12 465.4544648682784 465.4544648682784 0 0
13 183.63019150747908 183.63019150747908 0 0
14 399.47648689626124 399.47648689626124 0 0
15 490.86129794313507 490.86129794313507 0 0
16 517.8764393338105 517.8764393338105 0 1
17 500.86514755146624 500.86514755146624 0 0
18 262.5762757129667 262.5762757129667 0 0
19 412.9426567072601 412.9426567072601 0 1
20 479.20112875895904 479.20112875895904 0 1
21 314.13030013421746 314.13030013421746 0 0
22 426.28432077138643 426.28432077138643 0 1
23 74.99814670370243 74.99814670370243 0 0
24 586.3831444879715 586.3831444879715 0 0
25 561.4714025960011 561.4714025960011 1.9384471871911728 1
26 611.7044531717772 611.7044531717772 0 0
27 177.13338163071478 177.13338163071478 0 0
28 441.28432077138643 441.28432077138643 0 1
29 635.9323752331351 635.9323752331351 0 0
30 355.82024889356586 355.82024889356586 0 0
31 157.9085386373655 157.9085386373655 0 0
32 302.4279874412786 302.4279874412786 0 1
33 540.4859245713816 540.4859245713816 0 0
34 614.2660059845861 614.2660059845861 0 0
35 350.72122937997307 350.72122937997307 0 1
36 81.69698407018112 81.69698407018112 0 1
37 277.4598488570791 277.4598488570791 0 0
38 565.3765274339544 565.3765274339544 0 0
39 322.03599428463843 322.03599428463843 2.0736131400616387 1
40 374.4436663994855 374.4436663994855 0.29289321881344677 1
41 32.211606333185955 32.211606333185955 0 1
42 292.15993104456174 292.15993104456174 0 0
43 261.4582417242168 261.4582417242168 0 1
44 582.3520156138222 582.3520156138222 0 1
45 298.8224361658146 298.8224361658146 0 1
46 498.62907957396646 498.62907957396646 0 1
47 310.4902451895772 310.4902451895772 0 1
48 520.8764393338105 520.8764393338105 0 1
49 428.34587358419526 428.34587358419526 0 0
50 5.175682623877133 5.175682623877133 0 1
51 459.54865829386017 459.54865829386017 0 1
52 24.14934858488741 24.14934858488741 0 1
53 179.02041927883263 179.02041927883263 0 1
54 229.19003472000026 229.19003472000026 0 0
55 386.4852609782778 386.4852609782778 0 0
56 225.54997977536 225.54997977536 0 1
57 239.77170092800804 239.77170092800804 0 0
58 550.0246849760578 550.0246849760578 0 0
59 50.71417059039506 50.71417059039506 0 0
60 270.5136268623542 270.5136268623542 0 1
61 391.41422914796266 391.41422914796266 0 1
62 537.9785760586288 537.9785760586288 0 1
63 236.73031966285893 236.73031966285893 0 1
64 555.4098497831923 555.4098497831923 1.4591568841036633 1
65 288.62439713862904 288.62439713862904 0 1
66 67.1054794950964 67.1054794950964 0 0
67 21.16251560438227 21.16251560438227 0 0
68 373.73655961829894 373.73655961829894 0 0
69 255.2495220680616 255.2495220680616 0 0
70 368.1621677775841 368.1621677775841 0 0
71 332.34375834868257 332.34375834868257 0 0
72 456.54865829386017 456.54865829386017 0 1
73 70.69698407018112 70.69698407018112 0 1
74 624.9323752331351 624.9323752331351 0 1
75 546.6705830098081 546.6705830098081 0.0896816841366217 1
76 347.59823617835275 347.59823617835275 0 0
77 170.6546729660957 170.6546729660957 0 1
78 417.2146585799189 417.2146585799189 0 0
79 535.742508081129 535.742508081129 0 1
80 372.73655961829894 372.73655961829894 0 1
81 100.80195724472392 100.80195724472392 0 0
82 528.1842033978546 528.1842033978546 0 0
83 611.2044531717772 612.2044531717772 1 1
84 174.89731365321498 174.89731365321498 0 1
85 306.0335387167426 306.0335387167426 0 0
86 484.06191957362745 485.47613313600056 1.4142135623730951 1
87 314.9623811445768 314.9623811445768 0 1
88 39.211606333185955 39.211606333185955 0 0
89 484.769026354814 484.769026354814 0 0
90 248.73031966285893 248.73031966285893 0 1
91 10.007899984439106 10.007899984439106 0 0
92 463.87332603819425 467.0356036983626 3.1622776601683795 1
93 509.3886818498788 509.3886818498788 0 0
94 626.9323752331351 626.9323752331351 0 1
95 42.65191284209651 42.65191284209651 0 1
96 506.69609944631156 506.69609944631156 0.8559173214171096 1
97 128.26950815896117 128.26950815896117 0 1
98 598.7199926198203 598.7199926198203 0 0
99 365.120786512435 365.120786512435 1.3611523220566255 1
