The sequence of nodes visited by the vehicle:
set vehicleNodes :=
0    8    60   16   56   45   4    58   98   70   51   77   99   7
22   40   13   84   74   86   71   47   28   9    37   15   46   3
44   42   63   62   6    49   54   80   53   94   68   92   29   97
88   26   17   85   41   39   87   33   12   64   31   96   95   23;

The sequence of nodes visited by the drone:
set dronedNodes :=
0    8    24   16   56   45   39   54   80   53   9    37   82   32   14
91   40   13   67   20   25   65   73   55   61   27   59   96   7
44   50   66   62   74   86   4    87   33   12   94   31   1    78
21   26   63   43   76   18   89   83   34   19   36   79   46   3
88   48   17   85   6    49   71   47   28   70   51   15   10   35
81   60   11   5    69   30   38   75   52   90   93   92   29   97;

The 3-tuple cycles in which the drone was involved:
set droneCycles := (88,72,88) (39,2,39) (94,57,94);

The node and associated arrival time, departure time, vehicle idle time, and assignment associated with that node:
0 619.5158163114303 619.5158163114303 0 1
1 517.0848054992754 517.0848054992754 0 0
2 207.565565568 207.565565568 0 0
3 580.8814412968711 580.8814412968711 0 1
4 217.55239854850515 217.55239854850515 0 1
5 146.51345005305123 146.51345005305123 0 0
6 170.29150081908352 170.29150081908352 0 1
7 570.8814412968711 570.8814412968711 0 1
8 55.77195592181778 55.77195592181778 0 1
9 400.0271227946689 400.0271227946689 0.5991583369161617 1
10 526.9712954480932 526.9712954480932 0 0
11 112.81458114177877 112.81458114177877 0 0
12 361.99822770510957 361.99822770510957 0 1
13 93.10210344009018 93.10210344009018 0 1
14 605.0413456260712 605.0413456260712 0 0
15 494.3068231166143 494.3068231166143 0 1
16 121.65985259970114 121.65985259970114 0 1
17 106.79378385238263 106.79378385238263 0 1
18 193.97905155571334 193.97905155571334 0 0
19 363.80100334284157 363.80100334284157 0 0
20 151.0899412755927 151.0899412755927 0 0
21 23.994714666970502 23.994714666970502 0 0
22 7.115916721304452 7.115916721304452 0 1
23 612.5044847515524 612.5044847515524 0 1
24 86.11570107881174 86.11570107881174 0 0
25 181.85869682653959 181.85869682653959 0 0
26 77.28999654889247 77.28999654889247 0 1
27 406.7539348182058 406.7539348182058 0 0
28 328.46679425759834 328.46679425759834 0 1
29 556.0545656400792 556.0545656400792 0 1
30 200.559690186659 200.559690186659 0 0
31 478.16468749288333 478.16468749288333 0 1
32 562.7627695725786 562.7627695725786 0 0
33 305.5225223475992 305.5225223475992 0 1
34 311.6052848778974 311.6052848778974 0 0
35 586.3814412968711 586.3814412968711 0 0
36 439.10423006868274 439.10423006868274 0 0
37 464.10242974458475 464.10242974458475 0 1
38 239.26169281922904 239.26169281922904 0 0
39 207.065565568 208.065565568 1 1
40 62.096511242154534 62.096511242154534 0 1
41 171.29150081908352 171.29150081908352 0 1
42 68.80471517465391 68.80471517465391 0 1
43 136.04501740683565 136.04501740683565 0 0
44 15.718241988347078 15.718241988347078 0 1
45 177.6160561394203 177.6160561394203 0 1
46 524.9097426352844 524.9097426352844 0 1
47 286.7090544234407 286.7090544234407 0 1
48 78.28999654889247 78.28999654889247 0 0
49 198.0101804298626 198.0101804298626 1.3617685568816853 1
50 67.12144905271498 67.12144905271498 0 0
51 451.4533191039112 451.4533191039112 1.587949608472286 1
52 332.4979231317476 332.4979231317476 0 0
53 346.1868394042677 346.1868394042677 0 1
54 258.0685176756504 258.0685176756504 0 1
55 300.9514545357337 300.9514545357337 0 0
56 149.6757277132196 149.6757277132196 1.3785026285670483 1
57 416.2779027338404 416.2779027338404 0 0
58 279.7090544234407 279.7090544234407 0 1
59 469.6251102531784 469.6251102531784 0 0
60 80.89554782435647 80.89554782435647 0 1
61 348.6868394042677 348.6868394042677 0 0
62 133.04501740683565 133.04501740683565 0 1
63 102.32164789738306 102.32164789738306 0 1
64 436.2638989867035 436.2638989867035 0 1
65 212.3667282015213 212.3667282015213 0 0
66 97.22520906570783 97.22520906570783 0 0
67 126.65985259970114 126.65985259970114 0 0
68 470.10242974458475 470.10242974458475 0 1
69 173.6456027853332 173.6456027853332 0 0
70 392.1478545684722 392.1478545684722 0 1
71 238.14365883047915 238.14365883047915 0 1
72 38.786028544531526 38.786028544531526 0 0
73 261.27007979436684 261.27007979436684 0 0
74 157.29150081908352 157.29150081908352 0 1
75 292.4099315489364 292.4099315489364 0 0
76 162.00849138511182 162.00849138511182 0 0
77 480.16468749288333 480.16468749288333 0 1
78 575.8058701977692 575.8058701977692 0 0
79 487.782379523719 487.782379523719 0 0
80 298.4514545357337 298.4514545357337 1.7424001122930122 1
81 49.933441834628624 49.933441834628624 0 0
82 500.4618841488747 500.4618841488747 0 0
83 277.07580854575184 277.07580854575184 0 0
84 127.04501740683564 127.04501740683564 0 1
85 141.58902115215318 141.58902115215318 0 1
86 192.17627591798134 192.17627591798134 0 1
87 270.2750732913841 270.2750732913841 0 1
88 38.07892176334498 39.49313532571807 1.4142135623730951 1
89 226.77194300579805 226.77194300579805 0 0
90 395.3101322286406 395.3101322286406 0 0
91 6.542358594737457 6.542358594737457 0 0
92 497.9123743920783 497.9123743920783 0 1
93 457.85644334134406 457.85644334134406 0 0
94 415.1598687450905 417.3959367225903 2.23606797749979 1
95 563.2656681910072 563.2656681910072 0 1
96 508.35268090098884 508.35268090098884 0 1
97 600.2979291358187 600.2979291358187 0 1
98 319.5225223475992 319.5225223475992 0 1
99 518.201538702785 518.201538702785 0 1
