The sequence of nodes visited by the vehicle:
set vehicleNodes :=
0    52   26   96   28   17   97   15   64   36   53   82   80   63   55
5    30   14   54   56   24   35   16   70   69   66   40   1    10
89   68   46   57   20   99   44   61   77   42   60   7    27   9
41   47   18   81   92   8    4    76   72   93   3    62   23   75;

The sequence of nodes visited by the drone:
set dronedNodes :=
0    52   47   18   56   24   39   16   36   93   60   40   1    63   75
38   51   59   29   22   99   35   50   67   21   78   73   6    2    55
89   30   26   54   92   83   44   70   69   53   3    7    27   10   87
45   11   31   79   65   8    32   71   49   12   33   86   25   43
41   68   14   28   17   85   4    77   42   66   82   62   23   9
48   95   37   94   91   97   74   88   13   84   58   98   19   34;

The 3-tuple cycles in which the drone was involved:
set droneCycles := (42,90,42);

The node and associated arrival time, departure time, vehicle idle time, and assignment associated with that node:
0 567.3175793941596 567.3175793941596 0 1
1 486.0392125444139 486.0392125444139 0 1
2 517.6577517853054 517.6577517853054 0 0
3 425.0602588103323 425.0602588103323 0 1
4 264.40545600645015 264.40545600645015 0 1
5 14.557404771988969 14.557404771988969 0 1
6 493.057046968223 493.057046968223 0 0
7 458.61942058576903 458.61942058576903 0 1
8 216.30846943784223 216.30846943784223 0 1
9 542.6345637794059 542.6345637794059 0 1
10 522.5348125371642 522.5348125371642 0 1
11 63.86391769072729 63.86391769072729 0 0
12 401.60605238998875 401.60605238998875 0 0
13 385.6603066640814 385.6603066640814 0 0
14 127.95080667458944 127.95080667458944 0 1
15 273.3497279164493 273.3497279164493 0 1
16 287.2781161936334 287.2781161936334 0 1
17 193.23052761843513 193.23052761843513 0 1
18 139.3539309120223 139.3539309120223 0 1
19 510.9266592130994 510.9266592130994 0 0
20 171.4020841090193 171.4020841090193 0 1
21 393.467842442673 393.467842442673 0 0
22 176.01785721488324 176.01785721488324 0 0
23 510.21955243191286 510.21955243191286 0 1
24 201.29278536673368 201.29278536673368 0 1
25 506.47224691807315 506.47224691807315 0 0
26 101.32375276320074 101.32375276320074 1.2976207903086134 1
27 499.0392125444139 499.0392125444139 0 1
28 161.33101629715384 161.33101629715384 2.4164897033063255 1
29 142.9594821874863 142.9594821874863 0 0
30 59.86391769072729 59.86391769072729 0 1
31 113.42747120011094 113.42747120011094 0 0
32 251.44811367323953 251.44811367323953 0 0
33 427.0602588103323 427.0602588103323 0 0
34 549.1345637794059 549.1345637794059 0 0
35 243.38109380089443 243.38109380089443 0 1
36 348.1845759333286 348.1845759333286 0 1
37 130.8662826220121 130.8662826220121 0 0
38 11.273381247975731 11.273381247975731 0 0
39 238.22326897304973 238.22326897304973 0 0
40 447.43908069827006 447.43908069827006 0 1
41 30.595809582394267 30.595809582394267 0 1
42 375.92818206579494 376.92818206579494 1 1
43 529.481034531889 529.481034531889 0 0
44 245.61716177839423 245.61716177839423 0 1
45 27.265648691462772 27.265648691462772 0 0
46 132.95080667458944 132.95080667458944 0 1
47 97.02613197289213 97.02613197289213 0.03819586941740738 1
48 39.44171258887133 39.44171258887133 0 0
49 366.3958186707104 366.3958186707104 0 0
50 295.83673757794526 295.83673757794526 0 0
51 51.14258971436702 51.14258971436702 0 0
52 45.44171258887133 45.44171258887133 1.8459030064770658 1
53 397.7981658370568 397.7981658370568 0 1
54 147.98441999804675 147.98441999804675 0.5594212741589786 1
55 559.0363180303973 559.0363180303973 0 1
56 168.4020841090193 168.4020841090193 0 1
57 154.30897531838352 154.30897531838352 0 1
58 441.1257568024067 441.1257568024067 0 0
59 99.26219995039192 99.26219995039192 0 0
60 416.11598690033316 416.11598690033316 0 1
61 296.2781161936334 296.2781161936334 0 1
62 469.6647816029563 469.6647816029563 0 1
63 513.047979556659 513.047979556659 0 1
64 304.3771357072262 304.3771357072262 0 1
65 184.0427950254437 184.0427950254437 0 0
66 412.11598690033316 412.11598690033316 0 1
67 350.42064391082835 350.42064391082835 0 0
68 81.95463972510181 81.95463972510181 0 1
69 361.786046442064 361.786046442064 0 1
70 307.7635980198218 307.7635980198218 0.22418465242719776 1
71 320.7635980198218 320.7635980198218 0 0
72 336.7828216823372 336.7828216823372 0 1
73 450.97461460420277 450.97461460420277 0 0
74 268.67745787910894 268.67745787910894 0 0
75 554.0363180303973 554.0363180303973 0 1
76 299.2781161936334 299.2781161936334 0 1
77 333.7828216823372 333.7828216823372 0 1
78 418.177539713142 418.177539713142 0 0
79 153.0093578086072 153.0093578086072 0 0
80 475.989336923293 475.989336923293 0 1
81 157.9145265938475 157.9145265938475 0 1
82 437.59022289647396 437.59022289647396 0 1
83 208.2069989291068 208.2069989291068 0 0
84 413.61598690033316 413.61598690033316 0 0
85 222.49312787626872 222.49312787626872 0 0
86 464.027747498965 464.027747498965 0 0
87 561.8647451551435 561.8647451551435 0 0
88 339.86558421263544 339.86558421263544 0 0
89 17.55740477198897 17.55740477198897 0 1
90 376.42818206579494 376.42818206579494 0 0
91 197.3536332440528 197.3536332440528 0 0
92 179.01785721488324 179.01785721488324 0 1
93 389.1958405700142 389.1958405700142 0.2260639254269563 1
94 163.88052605395023 163.88052605395023 0 0
95 86.25580235862313 86.25580235862313 0 0
96 140.3539309120223 140.3539309120223 0 1
97 228.51502505357593 228.51502505357593 0 1
98 475.25495154670574 475.25495154670574 0 0
99 202.7069989291068 202.7069989291068 0 1
