The sequence of nodes visited by the vehicle:
set vehicleNodes :=
0    30   31   21   1    65   17   57   87   82   79   22   59   36
68   42   25   29   97   85   92   64   27   23   32   39   94   55
63   9    44   80   11   6    67   52   45   46   5    2    33
48   8    78   84   10   58   74   35   69   53   40   99   72;

The sequence of nodes visited by the drone:
set dronedNodes :=
0    48   31   78   80   11   85   17   74   51   70   96   26   73   7    89
4    81   88   62   34   56   49   24   66   35   69   53   5    39   94
68   9    25   21   84   10   6    92   57   77   28   3    54   71   37
83   76   19   95   50   14   91   20   64   87   82   79   40   99   33
63   8    44   29   97   65   58   67   75   38   61   12   16   60   47
15   98   43   93   90   13   86   41   52   27   23   32   22   59   72;

The 3-tuple cycles in which the drone was involved:
set droneCycles := (17,18,17);

The node and associated arrival time, departure time, vehicle idle time, and assignment associated with that node:
0 585.4485453371276 585.4485453371276 0 1
1 154.40253084382786 154.40253084382786 0 1
2 484.74292773098773 484.74292773098773 0 1
3 430.32564185460865 430.32564185460865 0 0
4 12.502509405355077 12.502509405355077 0 0
5 453.6244963530713 453.6244963530713 0 1
6 222.53423996865112 222.53423996865112 0 1
7 526.1034272890063 526.1034272890063 0 0
8 72.44077045128107 72.44077045128107 0 1
9 62.000463942370516 62.000463942370516 0 1
10 183.93238962974743 183.93238962974743 0 1
11 170.0040013525633 170.0040013525633 0 1
12 441.323611594775 441.323611594775 0 0
13 200.07374823839268 200.07374823839268 0 0
14 188.9573274403079 188.9573274403079 0 0
15 33.24251467467233 33.24251467467233 0 0
16 468.15218892214006 468.15218892214006 0 0
17 248.60846413479462 250.02267769716772 1.4142135623730951 1
18 249.31557091598117 249.31557091598117 0 0
19 94.83860588794661 94.83860588794661 0 0
20 261.93480455802785 261.93480455802785 0 0
21 118.89237411737662 118.89237411737662 0.29681148915985034 1
22 469.70725888336955 469.70725888336955 0 1
23 384.2539829271003 384.2539829271003 0 1
24 253.1849553573361 253.1849553573361 0 0
25 89.83860588794661 89.83860588794661 0 1
26 451.41339380214333 451.41339380214333 0 0
27 353.3127173032102 353.3127173032102 0.4591128292935309 1
28 362.0824740485184 362.0824740485184 0 0
29 137.3314630319624 137.3314630319624 0 1
30 48.780919485077625 48.780919485077625 0 1
31 83.83860588794661 83.83860588794661 0.21749554916659974 1
32 446.41339380214333 446.41339380214333 0 1
33 551.6135840154576 551.6135840154576 0 1
34 143.44949702071227 143.44949702071227 0 0
35 334.21466558951965 334.21466558951965 0 1
36 575.049978303058 575.049978303058 0 1
37 541.000733022121 541.000733022121 0 0
38 346.98816198287346 346.98816198287346 0 0
39 483.74292773098773 483.74292773098773 0 1
40 463.6244963530713 463.6244963530713 0 1
41 265.0970822181962 265.0970822181962 0 0
42 52.780919485077625 52.780919485077625 0 1
43 101.65751700219221 101.65751700219221 0 0
44 100.53948301344231 100.53948301344231 1.2140441449905524 1
45 357.7848532582098 357.7848532582098 0 1
46 394.5496130680873 394.5496130680873 0 1
47 553.0277975778307 553.0277975778307 0 0
48 44.780919485077625 44.780919485077625 0 1
49 214.4945389717335 214.4945389717335 0 0
50 154.0123030724743 154.0123030724743 0 0
51 321.51809066917315 321.51809066917315 0 0
52 312.12394355514516 312.12394355514516 0 1
53 422.7098687487447 422.7098687487447 0 1
54 457.6556252272206 457.6556252272206 0 0
55 576.049978303058 576.049978303058 0 1
56 174.2466420396826 174.2466420396826 0 0
57 285.179671645146 285.179671645146 0 1
58 236.44293907419816 236.44293907419816 0.9086991055470435 1
59 520.5132573452568 520.5132573452568 0 1
60 515.784450717785 515.784450717785 0 0
61 376.5384521875973 376.5384521875973 0 0
62 112.62739207430579 112.62739207430579 0 0
63 31.74251467467233 31.74251467467233 0 1
64 294.12394355514516 294.12394355514516 0 1
65 198.49260940830848 198.49260940830848 0 1
66 277.16837108016006 277.16837108016006 0 0
67 263.515943388112 263.515943388112 0.1506156080337746 1
68 23.49630342343701 23.49630342343701 0 1
69 360.0209212357096 360.0209212357096 0 1
70 355.1154929409422 355.1154929409422 0 0
71 489.12809253812225 489.12809253812225 0 0
72 564.4198324903233 564.4198324903233 0 1
73 478.83140267881686 478.83140267881686 0 0
74 271.5782011364106 271.5782011364106 0 1
75 306.3815942272764 306.3815942272764 0 0
76 67.50046394237052 67.50046394237052 0 0
77 340.9414776130565 340.9414776130565 0 0
78 108.15525611930622 108.15525611930622 0 1
79 439.20229125121534 439.20229125121534 0 1
80 142.3314630319624 142.3314630319624 0 1
81 51.798753908886724 51.798753908886724 0 0
82 370.83757506210156 370.83757506210156 0 1
83 29.49630342343701 29.49630342343701 0 0
84 149.40253084382786 149.40253084382786 0 1
85 206.97789078254706 206.97789078254706 0 1
86 242.29528902955798 242.29528902955798 0 0
87 343.6340600166238 343.6340600166238 0.8170691600615214 1
88 84.83860588794661 84.83860588794661 0 0
89 568.0253837657873 568.0253837657873 0 0
90 163.20326609819557 163.20326609819557 0 0
91 230.61198717935287 230.61198717935287 0 0
92 259.2422221544606 259.2422221544606 0 1
93 138.8314630319624 138.8314630319624 0 0
94 533.1744951008718 533.1744951008718 0.6196431768227058 1
95 128.11191857466952 128.11191857466952 0 0
96 385.2539829271003 385.2539829271003 0 0
97 156.40253084382786 156.40253084382786 0 1
98 77.75584335764839 77.75584335764839 0 0
99 509.74292773098773 509.74292773098773 0 1
