The sequence of nodes visited by the vehicle:
set vehicleNodes :=
0    42   48   24   35   40   44   39   30   38   20   41   3    26
2    14   7    15   43   13   31   49   32   29   11   1    21;

The sequence of nodes visited by the drone:
set dronedNodes :=
0    16   14   17   15   28   40   12   49   8    29   19   41   34   21
45   42   36   7    47   43   9    44   4    32   23   11   37   3    25
2    5    48   18   35   6    13   22   30   27   20   10   1    46;

The 3-tuple cycles in which the drone was involved:
set droneCycles := (35,33,35);

The node and associated arrival time, departure time, vehicle idle time, and assignment associated with that node:
0 399.36360081162366 399.36360081162366 0 1
1 338.83477227086445 338.83477227086445 0 1
2 32.08660485242805 32.08660485242805 0 1
3 347.59004265356685 347.59004265356685 0.1529451156598043 1
4 225.11387803617666 225.11387803617666 0 0
5 43.16541885946632 43.16541885946632 0 0
6 155.7170591062272 155.7170591062272 0 0
7 80.61066588887137 80.61066588887137 1.7533296037605481 1
8 231.87666985604227 231.87666985604227 0 0
9 178.82829146635657 178.82829146635657 0 0
10 294.1090129612688 294.1090129612688 0 0
11 290.9467353011004 290.9467353011004 0 1
12 201.59555171243045 201.59555171243045 0 0
13 187.83873522023285 187.83873522023285 0 1
14 48.866295984962015 48.866295984962015 0 1
15 97.84123129279095 97.84123129279095 1.3930269176843524 1
16 34.915031977174245 34.915031977174245 0 0
17 70.9929738580357 70.9929738580357 0 0
18 92.62107803833568 92.62107803833568 0 0
19 277.35935411462333 277.35935411462333 0 0
20 273.058191481102 273.058191481102 0 1
21 366.8254267152382 366.8254267152382 0 1
22 215.0838317724529 215.0838317724529 0 0
23 269.25205600542506 269.25205600542506 0 0
24 82.84673386637115 82.84673386637115 0 1
25 373.5522387387751 373.5522387387751 0 0
26 376.87530233635914 376.87530233635914 0 1
27 244.702356471764 244.702356471764 0 0
28 137.83586379898165 137.83586379898165 0 0
29 262.287861866833 262.287861866833 0.5749454691290339 1
30 229.64060187854247 229.64060187854247 0 1
31 210.35701974891603 210.35701974891603 0 1
32 238.12588325278105 238.12588325278105 0 1
33 131.9744133199792 131.9744133199792 0 0
34 345.3539746760671 345.3539746760671 0 0
35 130.8563793312293 133.09244730872908 2.23606797749979 1
36 56.43266896017279 56.43266896017279 0 0
37 324.41824690907043 324.41824690907043 0 0
38 240.12588325278105 240.12588325278105 0 1
39 217.97279285477993 217.97279285477993 0 1
40 156.8226103816912 156.8226103816912 0 1
41 319.808474680424 319.808474680424 0 1
42 37.464541733970634 37.464541733970634 0.27891736794979494 1
43 153.2170591062272 153.2170591062272 0 1
44 208.35701974891603 208.35701974891603 0 1
45 14.649086692694818 14.649086692694818 0 0
46 352.9051155599342 352.9051155599342 0 0
47 108.1489953568351 108.1489953568351 0 0
48 66.69181122451438 66.69181122451438 0.7961288736259604 1
49 221.57834413024392 221.57834413024392 0 1
