The sequence of nodes visited by the vehicle:
set vehicleNodes := 0 11 3 1 4 18 13 16 12 10;

The sequence of nodes visited by the drone:
set dronedNodes := 0 6 11 15 1 17 4 9 18 8 13 19 16 5 12 2 10 7;

The 3-tuple cycles in which the drone was involved:
set droneCycles := (13,14,13);

The node and associated arrival time, departure time, vehicle idle time, and assignment associated with that node:
0 315.0018034410122 315.0018034410122 0 1
1 115.82237047115723 115.82237047115723 0 1
2 261.02673939932123 261.02673939932123 0 0
3 70.17152162910392 70.17152162910392 0 1
4 131.41254041490672 131.41254041490672 1.5545010961312755 1
5 237.01009776435112 237.01009776435112 0 0
6 22.230298904329402 22.230298904329402 0 0
7 288.335029066645 288.335029066645 0 0
8 173.22262672563767 173.22262672563767 0 0
9 143.9225364181035 143.9225364181035 0 0
10 278.73034271049573 278.73034271049573 0 1
11 51.17152162910392 51.17152162910392 0 1
12 256.52673939932123 256.52673939932123 0 1
13 204.30596806236224 212.11621773826892 7.810249675906654 1
14 208.21109290031558 208.21109290031558 0 0
15 66.67958404837475 66.67958404837475 0 0
16 236.30299098316456 236.30299098316456 0 1
17 125.82237047115723 125.82237047115723 0 0
18 154.21604891688946 154.21604891688946 0 1
19 222.90973431073036 222.90973431073036 0 0
