The sequence of nodes visited by the vehicle:
set vehicleNodes := 0 16 19 1 4 15 7 9 18 13 6;

The sequence of nodes visited by the drone:
set dronedNodes := 0 2 16 14 19 3 4 10 15 11 9 12 18 13 17 6 8;

The 3-tuple cycles in which the drone was involved:
set droneCycles := (1,5,1);

The node and associated arrival time, departure time, vehicle idle time, and assignment associated with that node:
0 279.5706710323901 279.5706710323901 0 1
1 108.51789714642732 109.51789714642732 1 1
2 31.915243983287834 31.915243983287834 0 0
3 99.98552758231587 99.98552758231587 0 0
4 126.28095176066753 126.28095176066753 0 1
5 109.01789714642732 109.01789714642732 0 0
6 238.65607487914377 238.65607487914377 0 1
7 181.9377850620292 181.9377850620292 0 1
8 246.28824364038064 246.28824364038064 0 0
9 206.0209742196138 206.0209742196138 0 1
10 150.90309626515779 150.90309626515779 0 0
11 187.838843233465 187.838843233465 0 0
12 213.84721214086306 213.84721214086306 0 0
13 230.59381713084522 230.59381713084522 0 1
14 79.05699578752964 79.05699578752964 0 0
15 168.9377850620292 168.9377850620292 0.46678708190370344 1
16 61.2104274899549 61.2104274899549 0 1
17 232.09381713084522 232.09381713084522 0 0
18 224.26926181050845 224.26926181050845 0 1
19 87.25760552095801 87.25760552095801 3.843574719828581 1
