The sequence of nodes visited by the vehicle:
set vehicleNodes :=
0    41   23   69   85   40   30   81   19   51   86   79   75   83
50   95   56   60   21   70   31   5    22   92   46   62   25   74
10   6    63   65   47   9    27   97   28   12   16   33   44   94
52   73   90   32   68   35   53   14   72   89   17   58   7;

The sequence of nodes visited by the drone:
set dronedNodes :=
0    6    56   69   32   68   71   77   5    19   72   86   17   75   7
67   59   54   43   45   40   35   27   8    78   3    96   15   2    98
52   73   63   60   85   80   76   84   97   22   92   46   79   25   83
91   36   57   37   87   70   30   53   11   49   4    93   82   38   34
95   23   90   65   47   99   13   55   14   28   89   16   33   44   94
88   66   18   42   39   9    31   81   61   1    20   48   64   24   29;

The 3-tuple cycles in which the drone was involved:
set droneCycles := (83,26,83);

The node and associated arrival time, departure time, vehicle idle time, and assignment associated with that node:
0 591.2734865804539 591.2734865804539 0 1
1 377.45613203733683 377.45613203733683 0 0
2 495.4487737075117 495.4487737075117 0 0
3 392.8435751854282 392.8435751854282 0 0
4 405.43928441817263 405.43928441817263 0 0
5 303.34398703807017 303.34398703807017 0 1
6 59.29522981918974 59.29522981918974 0 1
7 532.6937478092796 532.6937478092796 0 1
8 306.0365694416374 306.0365694416374 0 0
9 222.18494851042377 222.18494851042377 0 1
10 14.662515604382271 14.662515604382271 0 1
11 322.38565212895236 322.38565212895236 0 0
12 399.20741496431305 399.20741496431305 0 1
13 250.3694466476367 250.3694466476367 0 0
14 327.0867115958905 327.0867115958905 0 1
15 458.4610405851361 458.4610405851361 0 2.2055188634459454e-09
16 443.42991171098686 443.42991171098686 2.1719394876000706 1
17 454.42991171098686 454.42991171098686 0 1
18 118.37962133076421 118.37962133076421 0 0
19 345.1144679732105 345.1144679732105 0 1
20 416.020100006125 416.020100006125 0 0
21 172.10434891446118 172.10434891446118 0 1
22 358.45613203733683 358.45613203733683 0 1
23 79.39854618889754 79.39854618889754 0.09923685167379404 1
24 523.996954622071 523.996954622071 0 0
25 499.0852127301006 499.0852127301006 0 1
26 549.3182633058766 549.3182633058766 0 0
27 267.36944664763666 267.36944664763666 0 1
28 373.45613203733683 373.45613203733683 0 1
29 573.5461853672344 573.5461853672344 0 0
30 238.7075428579461 238.7075428579461 0 1
31 255.3694466476367 255.3694466476367 2.1016840111295494 1
32 162.8932463635332 162.8932463635332 0.5078175158004115 1
33 474.64396456586076 474.64396456586076 0 1
34 551.8798161186854 551.8798161186854 0 0
35 228.50950383076054 228.50950383076054 0 1
36 76.19698407018112 76.19698407018112 0 0
37 139.17928598739059 139.17928598739059 0 0
38 502.9903375680539 502.9903375680539 0 0
39 183.99423103238814 183.99423103238814 0 0
40 208.52952161383888 208.52952161383888 0 1
41 32.211606333185955 32.211606333185955 0 1
42 153.87936817487324 153.87936817487324 0 0
43 126.03150444917488 126.03150444917488 0 0
44 519.9658257479217 519.9658257479217 0 1
45 164.6960220012652 164.6960220012652 0 0
46 431.4091144215907 431.4091144215907 0 1
47 179.3844588037417 179.3844588037417 0 1
48 444.92991171098686 444.92991171098686 0 0
49 360.51768485014566 360.51768485014566 0 0
50 5.175682623877133 5.175682623877133 0 1
51 391.72046955981057 391.72046955981057 0 1
52 24.14934858488741 24.14934858488741 0 1
53 271.66706743794526 271.66706743794526 1.2976207903085992 1
54 92.0386011335378 92.0386011335378 0 0
55 281.9262097022869 281.9262097022869 0 0
56 88.39854618889754 88.39854618889754 0 1
57 102.6202673415456 102.6202673415456 0 0
58 484.1307975463659 484.1307975463659 0 1
59 63.200354657143066 63.200354657143066 0 0
60 132.23306399266568 132.23306399266568 0 1
61 335.148969344189 335.148969344189 0 0
62 465.20998343380415 465.20998343380415 0 1
63 99.57888607639649 99.57888607639649 0 1
64 484.157113361081 484.157113361081 0 0
65 150.3438342689405 150.3438342689405 0 1
66 81.63461416639733 81.63461416639733 0 0
67 12.899492868284275 12.899492868284275 0 0
68 207.11530805146577 207.11530805146577 0 1
69 124.61729088680178 124.61729088680178 0 1
70 212.13507288930288 212.13507288930288 0 1
71 223.30298249917365 223.30298249917365 0 0
72 388.72046955981057 388.72046955981057 0 1
73 70.69698407018112 70.69698407018112 0 1
74 562.5461853672344 562.5461853672344 0 1
75 490.83900147886527 490.83900147886527 0 1
76 229.62753781951042 229.62753781951042 0 7.628792088204053e-10
77 261.88864905283936 261.88864905283936 0 0
78 349.38646984586927 349.38646984586927 0 0
79 462.9739154563044 462.9739154563044 0 1
80 209.23662839502543 209.23662839502543 0 0
81 289.13131663451827 289.13131663451827 0 1
82 469.23889749937524 469.23889749937524 0 0
83 548.8182633058766 549.8182633058766 1 1
84 269.60551462513644 269.60551462513644 0 0
85 170.10434891446118 170.10434891446118 0 1
86 418.2561679836248 418.2561679836248 2.402993245210837 1
87 176.12514620385733 176.12514620385733 0 0
88 45.15191284209651 45.15191284209651 0 0
89 414.43896117604083 414.43896117604083 0 1
90 111.57888607639649 111.57888607639649 0 1
91 27.06482453231006 27.06482453231006 0 0
92 396.04513730414465 396.04513730414465 1.1623900841656791 1
93 437.42991171098686 437.42991171098686 0 0
94 564.5461853672344 564.5461853672344 0 1
95 42.65191284209651 42.65191284209651 0 1
96 426.98829258191125 426.98829258191125 0 0
97 308.7291518452047 308.7291518452047 0 1
98 536.3338027539198 536.3338027539198 0 0
99 215.176454154452 215.176454154452 0 0
