The sequence of nodes visited by the vehicle:
set vehicleNodes :=
0    81   70   71   61   87   40   67   88   58   89   43   54   7
1    10   13   39   86   18   82   26   21   63   94   15   34   50
49   57   98   19   32   41   99   11   85   69   56   62   96
20   92   53   4    76   52   36   33   42   3    68   27   95;

The sequence of nodes visited by the drone:
set dronedNodes :=
0    51   92   53   55   60   24   97   33   16   59   68   27   64
6    81   79   77   61   87   40   67   90   58   89   28   78   95
1    14   70   71   66   48   82   91   88   47   12   43   54   7
25   10   45   39   86   18   73   26   21   63   94   93   5    9
49   83   13   46   31   41   99   75   84   17   37   15   34   50
80   57   98   19   32   30   65   11   85   69   56   62   44   72
20   8    22   4    76   52   36   38   42   3    2    29   96;

The 3-tuple cycles in which the drone was involved:
set droneCycles := (11,74,11) (33,35,33) (42,23,42);

The node and associated arrival time, departure time, vehicle idle time, and assignment associated with that node:
0 657.722655326136 657.722655326136 0 1
1 21.93143267609559 21.93143267609559 0 1
2 502.7218032752585 502.7218032752585 0 0
3 463.5660828255917 463.5660828255917 0 1
4 150.1198226382953 150.1198226382953 0 1
5 566.1941269401389 566.1941269401389 0 0
6 6.9856215892535385 6.9856215892535385 0 0
7 602.2373923969227 602.2373923969227 0 1
8 89.78657775362184 89.78657775362184 0 0
9 619.3034405627988 619.3034405627988 0 0
10 72.67355092970624 72.67355092970624 0 1
11 314.42135942650856 316.6574274040084 2.23606797749979 1
12 481.7283604857601 481.7283604857601 0 0
13 111.86276762171546 111.86276762171546 0 1
14 65.57295931223616 65.57295931223616 0 0
15 531.3983832876617 531.3983832876617 0 1
16 428.55205737024215 428.55205737024215 0 0
17 449.222831552887 449.222831552887 0 0
18 223.54346431783435 223.54346431783435 0 1
19 146.5142713628313 146.5142713628313 0 1
20 46.1390507282933 46.1390507282933 0 1
21 362.69968560808485 362.69968560808485 0 1
22 122.33236632222598 122.33236632222598 0 0
23 416.98223412468116 416.98223412468116 0 0
24 246.0942520664472 246.0942520664472 0 0
25 29.563601437332462 29.563601437332462 0 0
26 305.201017637649 305.201017637649 0 1
27 554.7438223195919 554.7438223195919 0 1
28 511.3704268792583 511.3704268792583 0 0
29 547.5930200260382 547.5930200260382 0 0
30 235.00755350132835 235.00755350132835 0 0
31 180.2772816411815 180.2772816411815 0 0
32 196.3085011830629 196.3085011830629 0.14506352245416565 1
33 337.17571193269157 342.27473144628436 5.0990195135927845 1
34 571.0393533697371 571.0393533697371 0 1
35 339.72522168948797 339.72522168948797 0 0
36 280.26509256826085 280.26509256826085 0 1
37 488.1409083521385 488.1409083521385 0 0
38 321.87758065846367 321.87758065846367 0 0
39 136.5142713628313 136.5142713628313 0 1
40 253.61090025563365 253.61090025563365 0.018455488317840718 1
41 224.95767788020746 224.95767788020746 0 1
42 411.59706931754664 422.36739893181567 10.770329614269007 1
43 514.905960785191 514.905960785191 1.3519312175146752 1
44 576.1871684402306 576.1871684402306 0 0
45 108.28000509141724 108.28000509141724 0 0
46 142.61754917069814 142.61754917069814 0 0
47 436.034052389671 436.034052389671 0 0
48 216.5566313373292 216.5566313373292 0 0
49 39.73592649086045 39.73592649086045 0 1
50 644.3443989397773 644.3443989397773 0 1
51 56.68656228315779 56.68656228315779 0 0
52 239.99097425858037 239.99097425858037 0 1
53 125.97242126686623 125.97242126686623 0.05426850701334729 1
54 562.5540719954986 562.5540719954986 0 1
55 153.65535654422803 153.65535654422803 0 0
56 491.67644225807123 491.67644225807123 1.2152039180470524 1
57 84.37825084042586 84.37825084042586 0 1
58 434.9160184009211 434.9160184009211 5.840415536606031 1
59 468.1758550542381 468.1758550542381 0 0
60 206.8158476098517 206.8158476098517 0 0
61 156.15535654422803 156.15535654422803 1.0355339059327378 1
62 537.4811458179598 537.4811458179598 0 1
63 438.534052389671 438.534052389671 0.7896068640037015 1
64 594.6449046452011 594.6449046452011 0 0
65 271.68450671936864 271.68450671936864 0 0
66 163.9815944654773 163.9815944654773 0 0
67 299.37006574280366 299.37006574280366 0 1
68 508.16886476054185 508.16886476054185 0 1
69 460.7376557008455 460.7376557008455 0 1
70 105.78000509141724 105.78000509141724 0 1
71 131.4152518492385 131.4152518492385 0.3438110687794733 1
72 647.8799328457101 647.8799328457101 0 0
73 258.67539535787967 258.67539535787967 0 0
74 315.5393934152585 315.5393934152585 0 0
75 311.87184966971216 311.87184966971216 0 0
76 201.4075206966557 201.4075206966557 0 1
77 129.6124762115065 129.6124762115065 0 0
78 560.4006765690843 560.4006765690843 0 0
79 98.69548103883989 98.69548103883989 0 0
80 41.79747930366928 41.79747930366928 0 0
81 61.27179667871486 61.27179667871486 0 1
82 255.84696823313345 255.84696823313345 0 1
83 75.22306068650263 75.22306068650263 0 0
84 368.40056273358056 368.40056273358056 0 0
85 376.53997303163044 376.53997303163044 1.6337318078118983 1
86 174.57640451568582 174.57640451568582 3.656224911224399 1
87 214.0566313373292 214.0566313373292 0 1
88 359.53740794791645 359.53740794791645 0 1
89 478.5660828255917 478.5660828255917 0 1
90 347.77473144628436 347.77473144628436 0 0
91 300.78427930517677 300.78427930517677 0 0
92 95.78000509141724 95.78000509141724 0 1
93 519.1779626578498 519.1779626578498 0 0
94 486.3381327144065 486.3381327144065 2.77204988881482 1
95 601.2373923969227 601.2373923969227 0 1
96 591.0393533697371 591.0393533697371 0 1
97 284.2962214424101 284.2962214424101 0 0
98 120.91815275985289 120.91815275985289 0 1
99 269.44843874186887 269.44843874186887 0 1
