The sequence of nodes visited by the vehicle:
set vehicleNodes :=
0    42   7    15   17   20   49   33   40   12   30   32   41   3    26
2    14   24   48   19   4    22   43   44   8    38   10   1    21;

The sequence of nodes visited by the drone:
set dronedNodes :=
0    16   14   18   19   29   49   35   43   9    10   37   3    26
45   42   47   17   23   4    31   33   13   32   11   1    46   25
2    5    15   36   20   39   22   28   44   27   41   34   21;

The 3-tuple cycles in which the drone was involved:
set droneCycles := (40,6,40);

The node and associated arrival time, departure time, vehicle idle time, and assignment associated with that node:
0 402.9038622795158 402.9038622795158 0 1
1 342.37503373875666 342.37503373875666 0 1
2 32.08660485242805 32.08660485242805 0 1
3 351.13030412145906 351.13030412145906 0.1529451156598043 1
4 157.56926297932694 157.56926297932694 0 1
5 43.16541885946632 43.16541885946632 0 0
6 217.44690396621056 217.44690396621056 0 0
7 67.4673712227003 67.4673712227003 0 1
8 255.70475997354058 255.70475997354058 0 1
9 255.44276040354933 255.44276040354933 0 0
10 297.3295124858008 297.3295124858008 0 1
11 300.4917901459692 300.4917901459692 0 0
12 252.5424823133722 252.5424823133722 0 1
13 230.20029407543603 230.20029407543603 0 0
14 48.866295984962015 48.866295984962015 0 1
15 83.30490970893553 83.30490970893553 0 1
16 34.915031977174245 34.915031977174245 0 0
17 107.52773432779146 107.52773432779146 0 1
18 88.5250629633908 88.5250629633908 0 0
19 126.94422216673907 126.94422216673907 0 1
20 135.54654743378168 135.54654743378168 0 1
21 370.36568818313043 370.36568818313043 0 1
22 175.76854640961972 175.76854640961972 1.6413826379221632 1
23 130.54977344220305 130.54977344220305 0 0
24 69.70343920020008 69.70343920020008 0 1
25 384.94325637332 384.94325637332 0 0
26 380.4155638042513 380.4155638042513 0 1
27 281.05866638719203 281.05866638719203 0 0
28 198.4759591219929 198.4759591219929 0 0
29 140.9317122409162 140.9317122409162 0 0
30 260.17689592854015 260.17689592854015 0 1
31 169.66526860175287 169.66526860175287 0 0
32 274.4821931682091 274.4821931682091 2.3052972396689597 1
33 192.8857891782434 192.8857891782434 0 1
34 348.8942361439593 348.8942361439593 0 0
35 185.3862384404554 185.3862384404554 0 0
36 113.63101213565831 113.63101213565831 0 0
37 327.95850837696264 327.95850837696264 0 0
38 270.17689592854015 270.17689592854015 0 1
39 162.5942007898874 162.5942007898874 0 0
40 216.739797185024 218.1540107473971 1.4142135623730951 1
41 323.3487361483162 323.3487361483162 0 1
42 37.464541733970634 37.464541733970634 0.27891736794979494 1
43 213.13424590956 213.13424590956 0 1
44 240.45943633977762 240.45943633977762 0.2827100468352626 1
45 14.649086692694818 14.649086692694818 0 0
46 356.4453770278264 356.4453770278264 0 0
47 72.87150375327762 72.87150375327762 0 0
48 98.92540906074883 98.92540906074883 0 1
49 164.6403307911924 164.6403307911924 0 1
