The sequence of nodes visited by the vehicle:
set vehicleNodes :=
0    47   4    21   33   29   3    28   17   37   36   8    44
5    48   19   13   16   39   27   42   14   49   1    24   38;

The sequence of nodes visited by the drone:
set dronedNodes :=
0    7    48   31   21   10   16   46   3    32   17   45   49   30   24   15
18   47   25   19   6    33   34   39   41   42   2    37   9    8    40
5    23   4    11   13   35   29   20   27   22   14   26   36   43   38;

The 3-tuple cycles in which the drone was involved:
set droneCycles := (16,12,16);

The node and associated arrival time, departure time, vehicle idle time, and assignment associated with that node:
0 431.3716139168747 431.3716139168747 0 1
1 344.8411577391821 344.8411577391821 0 1
2 283.11486739723983 283.11486739723983 0 0
3 208.33185900041138 208.33185900041138 3.2972798892123194 1
4 76.80372939378118 76.80372939378118 0 1
5 30.111999497590418 30.111999497590418 0 1
6 102.22348657653787 102.22348657653787 0 0
7 42.53174184596464 42.53174184596464 0 0
8 365.0649061553388 365.0649061553388 0 1
9 327.12185413194624 327.12185413194624 0 0
10 117.0884529760089 117.0884529760089 0 0
11 86.88486822386537 86.88486822386537 0 0
12 144.25114924983973 144.25114924983973 0 0
13 105.57758854278755 105.57758854278755 3.0503439353090727 1
14 292.9990474307966 292.9990474307966 0 1
15 424.78142034096726 424.78142034096726 0 0
16 138.7284687412461 149.77382975843335 11.045361017187261 1
17 272.6029693764255 272.6029693764255 0 1
18 22.537363857799345 22.537363857799345 0 0
19 81.88486822386537 81.88486822386537 0.9580332044665312 1
20 202.80917849181776 202.80917849181776 0 0
21 96.20268928714172 96.20268928714172 0 1
22 257.2818421137866 257.2818421137866 0 0
23 60.76760493912005 60.76760493912005 0 0
24 397.1273452391016 397.1273452391016 0 1
25 72.64122393009134 72.64122393009134 0 0
26 317.90151234308667 317.90151234308667 0 0
27 225.12624134699644 225.12624134699644 0.1510653694918176 1
28 235.89657096126544 235.89657096126544 0 1
29 172.27780318068125 172.27780318068125 0.5039734222478955 1
30 344.30721965337716 344.30721965337716 0 0
31 80.30372939378118 80.30372939378118 0 0
32 240.75474095508423 240.75474095508423 0 0
33 124.89870265191556 124.89870265191556 0.9363377982777763 1
34 156.13779078911227 156.13779078911227 0 0
35 133.41339583487877 133.41339583487877 0 0
36 332.6346021234484 332.6346021234484 0 1
37 309.76210204503684 309.76210204503684 0 1
38 420.9735337880353 420.9735337880353 0 1
39 199.20362721635377 199.20362721635377 0 1
40 411.2074730794303 411.2074730794303 0 0
41 216.39411674870993 216.39411674870993 0 0
42 250.76263970858395 250.76263970858395 0 1
43 368.4190081215885 368.4190081215885 0 0
44 401.25045086471926 401.25045086471926 0 1
45 301.32070591934325 301.32070591934325 0 0
46 177.97868030617693 177.97868030617693 0 0
47 54.44304961878329 54.44304961878329 0 1
48 65.62338950628224 65.62338950628224 0 1
49 324.57234437514984 324.57234437514984 0.7745734824948158 1
