The sequence of nodes visited by the vehicle:
set vehicleNodes := 0 1 8 17 5 19 3 6 12 7 9 14;

The sequence of nodes visited by the drone:
set dronedNodes := 0 1 18 8 13 17 4 19 15 3 6 16 12 2 7 9 10 14;

The 3-tuple cycles in which the drone was involved:
set droneCycles := (17,11,17);

The node and associated arrival time, departure time, vehicle idle time, and assignment associated with that node:
0 342.3895458506592 342.3895458506592 0 1
1 7.528572815985033 7.528572815985033 0 1
2 205.8700141825057 205.8700141825057 0 0
3 134.74637618594448 134.74637618594448 0 1
4 82.46653253758268 82.46653253758268 0 0
5 85.57667246004169 85.57667246004169 0 1
6 186.3700141825057 186.3700141825057 0 1
7 229.6188236793191 229.6188236793191 0 1
8 33.948262443230846 33.948262443230846 0 1
9 283.9603363560932 283.9603363560932 0 1
10 292.9603363560932 292.9603363560932 0 0
11 64.19160294215237 64.19160294215237 0 0
12 203.3700141825057 203.3700141825057 0 1
13 44.55486416102906 44.55486416102906 0 0
14 298.10247197982414 298.10247197982414 0 1
15 107.92113173233541 107.92113173233541 0 0
16 187.9511530125899 187.9511530125899 0 0
17 54.97205848485949 73.41114739944526 18.439088914585774 1
18 14.68748334762321 14.68748334762321 0 0
19 102.60605882596809 102.60605882596809 0 1
