The sequence of nodes visited by the vehicle:
set vehicleNodes := 0 8 16 2 14 15 4 10 13 12 7 19;

The sequence of nodes visited by the drone:
set dronedNodes := 0 1 16 17 15 3 4 18 10 5 13 6 7 9;

The 3-tuple cycles in which the drone was involved:
set droneCycles := (8,11,8);

The node and associated arrival time, departure time, vehicle idle time, and assignment associated with that node:
0 309.506475272243 309.506475272243 0 1
1 45.70624668832105 45.70624668832105 0 0
2 100.14115428459817 100.14115428459817 0 1
3 122.85701844371086 122.85701844371086 0 0
4 133.17244686154072 133.17244686154072 0 1
5 172.7454418113454 172.7454418113454 0 0
6 216.12692270048814 216.12692270048814 0 0
7 241.98301693474812 241.98301693474812 0 1
8 38.19106741940646 47.41061187669934 9.219544457292887 1
9 254.48301693474812 254.48301693474812 0 0
10 165.7454418113454 165.7454418113454 0 1
11 42.8008396480529 42.8008396480529 0 0
12 214.90904419338636 214.90904419338636 0 1
13 188.83223457257577 188.83223457257577 0 1
14 104.26425991021583 104.26425991021583 0 1
15 110.34702244051405 110.34702244051405 0 1
16 65.21265589145221 65.21265589145221 2.669298064331315 1
17 86.00929023453764 86.00929023453764 0 0
18 148.46950540231907 148.46950540231907 0 0
19 254.1895725504818 254.1895725504818 0 1
