The sequence of nodes visited by the vehicle:
set vehicleNodes :=
0    20   92   53   4    87   88   82   67   23   17   94   43   54
6    81   70   71   61   48   35   65   91   16   69   56   15   44
1    10   13   39   86   18   90   99   74   58   3    68   62   95
49   57   98   19   60   21   24   36   75   63   89   28   27   7;

The sequence of nodes visited by the drone:
set dronedNodes :=
0    49   10   70   39   86   18   35   65   74   16   17   56   15   44
50   80   83   45   46   32   52   33   73   11   42   64   12   29   34
6    20   57   13   19   60   21   24   36   75   58   3    68   27   95
72   51   8    22   55   76   84   30   97   38   47   59   66   78   7
1    81   92   53   61   48   88   82   67   23   63   89   43   54
25   14   79   77   31   41   85   40   26   9    96   37   93   5;

The 3-tuple cycles in which the drone was involved:
set droneCycles := (28,2,28);

The node and associated arrival time, departure time, vehicle idle time, and assignment associated with that node:
0 660.3852786820486 660.3852786820486 0 1
1 23.190787635799964 23.190787635799964 0 1
2 510.0904952242463 510.0904952242463 0 0
3 460.0304615935761 460.0304615935761 0 1
4 150.98109802220682 150.98109802220682 0 1
5 572.5375500816433 572.5375500816433 0 0
6 13.971243178507077 13.971243178507077 0 1
7 606.1439949509725 606.1439949509725 0 1
8 91.04593271332621 91.04593271332621 0 0
9 405.68064025688784 405.68064025688784 0 0
10 73.9329058894106 73.9329058894106 0 1
11 356.1673359948217 356.1673359948217 0 0
12 488.2766728448114 488.2766728448114 0 0
13 113.12212258141983 113.12212258141983 0 1
14 66.83231427194053 66.83231427194053 0 0
15 537.7418064291661 537.7418064291661 0 1
16 412.4074522804247 412.4074522804247 4.728004461618241 1
17 450.1309666569644 450.1309666569644 0 1
18 215.15863355839483 215.15863355839483 0 1
19 147.37554674674283 147.37554674674283 0 1
20 47.398405687997666 47.398405687997666 0 1
21 237.51931333339272 237.51931333339272 0 1
22 118.64480309001345 118.64480309001345 0 0
23 397.0493020060718 397.0493020060718 0 1
24 281.8359283673174 281.8359283673174 0 1
25 30.822956397036837 30.822956397036837 0 0
26 345.9168063714553 345.9168063714553 0 0
27 561.0872454610964 561.0872454610964 0 1
28 507.0491139590972 513.1318764893954 6.082762530298219 1
29 550.894752867132 550.894752867132 0 0
30 285.03749048603385 285.03749048603385 0 0
31 168.0226926009991 168.0226926009991 0 0
32 184.51708629895623 184.51708629895623 0 0
33 271.0915730428876 271.0915730428876 0 0
34 589.0786065858695 589.0786065858695 0 0
35 268.5420632860912 268.5420632860912 0 1
36 323.8963572494899 323.8963572494899 1.6371642111125198 1
37 478.83834814650805 478.83834814650805 0 0
38 364.74188440963906 364.74188440963906 0 0
39 137.37554674674283 137.37554674674283 0 1
40 297.2717834193437 297.2717834193437 0 0
41 213.36019567711125 213.36019567711125 0 0
42 418.5921107188512 418.5921107188512 0 0
43 521.2493839266955 521.2493839266955 1.046439625434573 1
44 583.930791515376 583.930791515376 0 1
45 109.5393600511216 109.5393600511216 0 0
46 143.47882455460967 143.47882455460967 0 0
47 426.25340833053247 426.25340833053247 0 0
48 210.15863355839483 210.15863355839483 0 1
49 40.99528145056482 40.99528145056482 0 1
50 6.689128193179319 6.689128193179319 0 0
51 57.94591724286216 57.94591724286216 0 0
52 223.22089130669337 223.22089130669337 0 0
53 127.17750771955724 127.17750771955724 0 1
54 568.897495137003 568.897495137003 0 1
55 152.4004845573033 152.4004845573033 0 0
56 484.15356721919375 484.15356721919375 0 1
57 85.63760580013023 85.63760580013023 0 1
58 425.13537434178255 425.13537434178255 0 1
59 464.6402338222225 464.6402338222225 0 0
60 190.84081249511848 190.84081249511848 0 1
61 155.98109802220682 155.98109802220682 0 1
62 543.8245689594643 543.8245689594643 0 1
63 428.75340833053247 428.75340833053247 0.7896068640037015 1
64 452.6804764137608 452.6804764137608 0 0
65 306.9704032569858 306.9704032569858 0 1
66 510.94161986265135 510.94161986265135 0 0
67 343.0013304240327 343.0013304240327 0 1
68 500.64598972166436 500.64598972166436 0 1
69 457.2020344688299 457.2020344688299 0 1
70 107.0393600511216 107.0393600511216 0 1
71 132.27652723315003 132.27652723315003 0 1
72 16.471243178507077 16.471243178507077 0 0
73 312.56057320073523 312.56057320073523 0 0
74 355.0493020060718 355.0493020060718 0 1
75 362.0493020060718 362.0493020060718 0 1
76 196.24913940831448 196.24913940831448 0 0
77 130.8175626641975 130.8175626641975 0 0
78 566.7440997105888 566.7440997105888 0 0
79 99.95483599854425 99.95483599854425 0 0
80 43.056834263373645 43.056834263373645 0 0
81 62.531151638419225 62.531151638419225 0 1
82 296.1537494305938 296.1537494305938 0 1
83 76.482415646207 76.482415646207 0 0
84 243.2201904588884 243.2201904588884 0 0
85 256.2836429651762 256.2836429651762 0 0
86 173.7235697264948 173.7235697264948 2.977648644054568 1
87 205.15863355839483 205.15863355839483 0 1
88 250.4312930098164 250.4312930098164 9.749702016255299 1
89 475.0304615935761 475.0304615935761 0 1
90 274.62482581638943 274.62482581638943 0 1
91 345.8297575487789 345.8297575487789 0 1
92 97.0393600511216 97.0393600511216 0 1
93 525.5213857993542 525.5213857993542 0 0
94 480.0304615935761 480.0304615935761 0 1
95 605.1439949509725 605.1439949509725 0 1
96 442.90438002861737 442.90438002861737 0 0
97 327.92748612363914 327.92748612363914 0 0
98 122.17750771955724 122.17750771955724 0 1
99 311.4425392119854 311.4425392119854 0 1
