The sequence of nodes visited by the vehicle:
set vehicleNodes :=
0    38   49   66   96   16   19   33   46   56   62   91   3    53
87   82   64   13   32   93   22   41   97   85   99   61   45   18
60   69   42   57   37   2    90   28   73   89   55   39   76   63
4    70   36   40   31   80   43   58   29   35   25   20   83   11;

The sequence of nodes visited by the drone:
set dronedNodes :=
0    4    70   36   57   32   93   19   33   97   89   91   3    53
94   48   14   98   23   77   15   50   59   17   84   27   74   30
87   38   64   66   40   37   2    22   41   73   62   61   45   63
52   65   75   68   81   71   51   34   21   95   44   10   54   11
60   82   42   13   96   16   80   90   58   56   99   20   83   72
26   78   1    88   47   5    7    92   24   8    6    9    86;

The 3-tuple cycles in which the drone was involved:
set droneCycles := (36,67,36) (43,79,43) (18,12,18);

The node and associated arrival time, departure time, vehicle idle time, and assignment associated with that node:
0 633.456196152429 633.456196152429 1.471892318555092 1
1 96.36717630798005 96.36717630798005 0 0
2 238.70149010573016 238.70149010573016 3.3224449672831042 1
3 503.41699776225255 503.41699776225255 0 1
4 40.33151429572154 40.33151429572154 0.12398494016460404 1
5 219.804457595107 219.804457595107 0 0
6 432.0134828732841 432.0134828732841 0 0
7 245.78262893581436 245.78262893581436 0 0
8 381.649314750277 381.649314750277 0 0
9 498.18545155052476 498.18545155052476 0 0
10 476.6963776370108 476.6963776370108 0 0
11 623.340353403246 623.340353403246 0 1
12 561.9974652147039 561.9974652147039 0 0
13 125.85057378293047 125.85057378293047 0 1
14 80.58710458516273 80.58710458516273 0 0
15 234.2293541507306 234.2293541507306 0 0
16 213.28525518990435 213.28525518990435 0 1
17 353.4419744736919 353.4419744736919 0 0
18 556.4974652147039 567.4974652147039 11 1
19 269.44034903397807 269.44034903397807 0 1
20 488.18545155052476 488.18545155052476 0 1
21 326.57259873077675 326.57259873077675 0 0
22 287.1321550469322 287.1321550469322 0 1
23 142.6207785287687 142.6207785287687 0 0
24 338.7510110353382 338.7510110353382 0 0
25 437.87874985441573 437.87874985441573 0 1
26 35.232494782128754 35.232494782128754 0 0
27 452.95356328609705 452.95356328609705 0 0
28 328.2657296610996 328.2657296610996 0 1
29 369.649314750277 369.649314750277 0 1
30 558.0193683133195 558.0193683133195 0 0
31 199.39281120045453 199.39281120045453 0 1
32 167.0112309093571 167.0112309093571 0 1
33 315.02308897398035 315.02308897398035 0 1
34 292.72232499068167 292.72232499068167 0 0
35 395.17949983600823 395.17949983600823 0 1
36 101.9294340562786 102.9294340562786 1 1
37 182.27556843183083 182.27556843183083 0 1
38 46.73463853315439 46.73463853315439 0 1
39 470.9808010164395 470.9808010164395 0 1
40 145.1207785287687 145.1207785287687 1.4926731929963069 1
41 324.02308897398035 324.02308897398035 0 1
42 93.86717630798005 93.86717630798005 0 1
43 307.2843200912705 308.6985336536436 1.4142135623730951 1
44 419.2653755932575 419.2653755932575 0 0
45 513.7126279032395 513.7126279032395 0 1
46 340.1145874628957 340.1145874628957 0 1
47 159.49732889963352 159.49732889963352 0 0
48 42.56758227322133 42.56758227322133 0 0
49 80.32317256266252 80.32317256266252 0 1
50 279.88065554288863 279.88065554288863 0 0
51 241.20149010573016 241.20149010573016 0 0
52 27.626751459897662 27.626751459897662 0 0
53 547.8951399476613 547.8951399476613 0 1
54 519.8159057111064 519.8159057111064 0 0
55 431.17054592191636 431.17054592191636 0 1
56 375.649314750277 375.649314750277 0 1
57 136.91990140327303 136.91990140327303 1.0194519992216726 1
58 330.2657296610996 330.2657296610996 0 1
59 317.0846417867892 317.0846417867892 0 0
60 32.99642680462896 32.99642680462896 0 1
61 468.1523738916933 468.1523738916933 0 1
62 404.25704457345387 404.25704457345387 0.47521947040303303 1
63 577.5473408358248 577.5473408358248 0 1
64 85.32317256266252 85.32317256266252 0 1
65 53.442842465653754 53.442842465653754 0 0
66 112.69762734496456 112.69762734496456 0.28136030818082247 1
67 102.4294340562786 102.4294340562786 0 0
68 119.80396254674051 119.80396254674051 0 0
69 66.00405861156817 66.00405861156817 0 1
70 78.08710458516273 78.08710458516273 0 1
71 182.77556843183083 182.77556843183083 0 0
72 629.3611506926421 629.3611506926421 0 0
73 358.6039537330897 358.6039537330897 0 1
74 506.45837902740163 506.45837902740163 0 0
75 89.13105911559447 89.13105911559447 0 0
76 520.1157521406724 520.1157521406724 0 1
77 170.54676481528983 170.54676481528983 0 0
78 67.22482066318582 67.22482066318582 0 0
79 307.99142687245705 307.99142687245705 0 0
80 244.20149010573016 244.20149010573016 0.5 1
81 151.48473955944763 151.48473955944763 0 0
82 56.78451415427528 56.78451415427528 0 1
83 539.3511362023437 539.3511362023437 0 1
84 399.1092295029604 399.1092295029604 0 0
85 383.7115724985755 383.7115724985755 0 1
86 541.1539118400757 541.1539118400757 0 0
87 24.93416905633041 24.93416905633041 0 1
88 132.79679577765538 132.79679577765538 0 0
89 389.09673730571 389.09673730571 0 1
90 299.6685469854066 299.6685469854066 0.3708668778779156 1
91 447.9286254755366 447.9286254755366 0 1
92 304.1685469854066 304.1685469854066 0 0
93 226.32366000030964 226.32366000030964 0 1
94 8.592996320183788 8.592996320183788 0 0
95 365.40468898745746 365.40468898745746 0 0
96 154.9696363305648 154.9696363305648 0 1
97 349.1699726010331 349.1699726010331 0 1
98 109.65624607981545 109.65624607981545 0 0
99 426.69840996691676 426.69840996691676 0.08068561846499733 1
