The sequence of nodes visited by the vehicle:
set vehicleNodes :=
0    48   31   21   84   85   92   45   51   46   39   12   94
68   30   25   80   11   6    67   27   69   95   22   99   33
63   9    44   34   10   58   74   87   82   53   40   3    89
15   8    78   1    65   17   66   35   23   2    5    59   55;

The sequence of nodes visited by the drone:
set dronedNodes :=
0    48   31   78   1    10   6    92   66   87   69   46   73   54   60   47
4    81   88   62   97   14   91   20   64   77   28   95   39   5    59   89
68   9    25   21   84   65   58   67   45   35   82   29   32   26   7    72
83   76   19   93   90   13   86   41   70   75   61   53   22   12   94   55
63   8    44   80   11   85   17   74   27   51   23   71   16   79   37   36
42   98   43   50   56   49   24   57   38   52   96   2    40   99   33;

The 3-tuple cycles in which the drone was involved:
set droneCycles := (17,18,17);

The node and associated arrival time, departure time, vehicle idle time, and assignment associated with that node:
0 567.2508569430498 567.2508569430498 0 1
1 148.14837035625825 148.14837035625825 0 1
2 438.1253231011022 438.1253231011022 0 1
3 491.79027997667134 491.79027997667134 0 1
4 12.502509405355077 12.502509405355077 0 0
5 473.5721816037648 473.5721816037648 0 1
6 213.28416024781006 213.28416024781006 0 1
7 507.5784889476064 507.5784889476064 0 0
8 70.04935063109573 70.04935063109573 0 1
9 59.60904412218519 59.60904412218519 0 1
10 174.68230990890638 174.68230990890638 0 1
11 160.75392163172225 160.75392163172225 0.3944487245360051 1
12 482.1745068708074 482.1745068708074 0 1
13 190.82366851755162 190.82366851755162 0 0
14 179.7072477194668 179.7072477194668 0 0
15 34.74251467467233 34.74251467467233 0 1
16 458.9894190734666 458.9894190734666 0 0
17 239.35838441395356 240.77259797632667 1.4142135623730951 1
18 240.0654911951401 240.0654911951401 0 0
19 92.44718606776128 92.44718606776128 0 0
20 252.68472483718682 252.68472483718682 0 0
21 116.5009542971913 116.5009542971913 0.29681148915986455 1
22 457.4894190734666 457.4894190734666 0 1
23 374.7926303143726 374.7926303143726 0 1
24 243.93487563649504 243.93487563649504 0 0
25 87.44718606776128 87.44718606776128 0 1
26 475.5721816037648 475.5721816037648 0 0
27 294.6239142351614 294.6239142351614 0 1
28 352.6211214357907 352.6211214357907 0 0
29 393.1552803277047 393.1552803277047 0 0
30 48.79239029579322 48.79239029579322 0 1
31 81.44718606776128 81.44718606776128 0.21749554916659974 1
32 448.197166716101 448.197166716101 0 0
33 533.0886456740576 533.0886456740576 0 1
34 141.82381503592148 141.82381503592148 0 1
35 313.72196594885196 313.72196594885196 0.8170691600615214 1
36 558.3522899089802 558.3522899089802 0 0
37 522.475794680721 522.475794680721 0 0
38 300.94846955549815 300.94846955549815 0 0
39 443.4537502258484 443.4537502258484 4.328427124746213 1
40 463.5721816037648 463.5721816037648 0 1
41 255.84700249735522 255.84700249735522 0 0
42 39.12492620478903 39.12492620478903 0 0
43 99.26609718200687 99.26609718200687 0 0
44 98.14806319325697 98.14806319325697 1.2140441449905524 1
45 290.1517782801618 290.1517782801618 0 1
46 385.0882604553596 385.0882604553596 0 1
47 534.5028592364307 534.5028592364307 0 0
48 44.79239029579322 44.79239029579322 0 1
49 205.24445925089245 205.24445925089245 0 0
50 145.60854434781783 145.60854434781783 0 0
51 328.53685307743666 328.53685307743666 7.0046374526780255 1
52 337.93100019146465 337.93100019146465 0 0
53 413.28583840435374 413.28583840435374 0 1
54 467.2122365484051 467.2122365484051 0 0
55 557.8522899089802 557.8522899089802 0 1
56 164.99656231884154 164.99656231884154 0 0
57 269.1288566699373 269.1288566699373 0 0
58 227.1928593533571 227.1928593533571 0.9086991055470435 1
59 501.98831900385693 501.98831900385693 0 1
60 495.83180296346865 495.83180296346865 0 0
61 367.0770995748696 367.0770995748696 0 0
62 110.23597225412047 110.23597225412047 0 0
63 31.74251467467233 31.74251467467233 0 1
64 279.9115855405014 279.9115855405014 0 0
65 189.24252968746742 189.24252968746742 0 1
66 273.50846130306854 273.50846130306854 0 1
67 254.26586366727102 254.26586366727102 0.15061560803380303 1
68 23.49630342343701 23.49630342343701 0 1
69 350.5595686229819 350.5595686229819 0 1
70 292.21333109297063 292.21333109297063 0 0
71 425.30665368452503 425.30665368452503 0 0
72 543.0187522698584 543.0187522698584 0 0
73 440.6253231011022 440.6253231011022 0 0
74 262.32812141556957 262.32812141556957 0 1
75 322.45409054713843 322.45409054713843 0 0
76 65.1090441221852 65.1090441221852 0 0
77 306.9951539253151 306.9951539253151 0 0
78 105.76383629912088 105.76383629912088 0 1
79 484.2958272143671 484.2958272143671 0 0
80 139.58774705842168 139.58774705842168 0 1
81 51.81022471960232 51.81022471960232 0 0
82 361.37622244937387 361.37622244937387 0 1
83 29.49630342343701 29.49630342343701 0 0
84 153.14837035625825 153.14837035625825 0 1
85 197.727811061706 197.727811061706 0 1
86 233.04520930871692 233.04520930871692 0 0
87 304.30257152174784 304.30257152174784 0.4591128292935309 1
88 82.44718606776128 82.44718606776128 0 0
89 539.4132009943944 539.4132009943944 0 1
90 156.75392163172225 156.75392163172225 0 0
91 221.3619074585118 221.3619074585118 0 0
92 249.99214243361956 249.99214243361956 0 1
93 127.18973346040727 127.18973346040727 0 0
94 514.6495567594718 514.6495567594718 0.6196431768225921 1
95 387.3243284328594 387.3243284328594 0 1
96 375.7926303143726 375.7926303143726 0 0
97 149.14837035625825 149.14837035625825 0 0
98 75.36442353746305 75.36442353746305 0 0
99 489.79027997667134 489.79027997667134 0 1
