The sequence of nodes visited by the vehicle:
set vehicleNodes := 0 16 12 13 7 11 17 3 9 2 8 4;

The sequence of nodes visited by the drone:
set dronedNodes := 0 18 12 14 13 19 9 15 2 1 8 6 4 5;

The 3-tuple cycles in which the drone was involved:
set droneCycles := (12,10,12);

The node and associated arrival time, departure time, vehicle idle time, and assignment associated with that node:
0 439.43655049387115 439.43655049387115 0 1
1 382.2256334656703 382.2256334656703 0 0
2 374.28213030797696 374.28213030797696 0 1
3 287.38284576964145 287.38284576964145 0 1
4 421.4710145849776 421.4710145849776 0 1
5 429.9835602239658 429.9835602239658 0 0
6 403.20245379855953 403.20245379855953 0 0
7 109.36681303813614 109.36681303813614 0 1
8 399.291838206553 399.291838206553 0 1
9 334.83466169007727 334.83466169007727 0 1
10 35.44737278052922 35.44737278052922 0 0
11 160.29299048982875 160.29299048982875 0 1
12 21.600002153187525 49.29474340787092 27.694741254683393 1
13 70.431148258569 70.431148258569 0 1
14 56.47452170245259 56.47452170245259 0 0
15 345.323272653453 345.323272653453 0 0
16 12.296133797013583 12.296133797013583 0 1
17 256.35466892918316 256.35466892918316 0 1
18 6.18951801098522 6.18951801098522 0 0
19 79.09486563716669 79.09486563716669 0 0
