The sequence of nodes visited by the vehicle:
set vehicleNodes := 0 16 13 18 3 6 4 1 7 15 5 19;

The sequence of nodes visited by the drone:
set dronedNodes := 0 16 14 13 17 18 2 3 11 6 12 4 10 7 8 19;

The 3-tuple cycles in which the drone was involved:
set droneCycles := (18,9,18);

The node and associated arrival time, departure time, vehicle idle time, and assignment associated with that node:
0 535.0730658132784 535.0730658132784 0 1
1 269.02384610210237 269.02384610210237 0 1
2 146.47894810028325 146.47894810028325 0 0
3 157.8314701863264 157.8314701863264 0 1
4 246.77212240272988 246.77212240272988 0 1
5 428.98636198606073 428.98636198606073 0 1
6 207.33046665228625 207.33046665228625 0 1
7 284.68412571159973 284.68412571159973 0 1
8 300.613126440346 300.613126440346 0 0
9 141.6034263189138 141.6034263189138 0 0
10 260.2393281226845 260.2393281226845 0 0
11 162.98740719141745 162.98740719141745 0 0
12 229.5527736975932 229.5527736975932 0 0
13 123.23395084725531 123.23395084725531 0 1
14 106.49429660331586 106.49429660331586 0 0
15 352.55447294684706 352.55447294684706 0 1
16 96.41462121045382 96.41462121045382 0 1
17 127.8499669248997 127.8499669248997 0 0
18 141.4087002390241 141.79815239880347 0.3894521597793565 1
19 461.1721557860639 461.1721557860639 0 1
