The sequence of nodes visited by the vehicle:
set vehicleNodes :=
0    38   49   36   40   32   2    92   41   97   85   99   39   76   11
87   82   64   66   96   31   80   90   28   73   8    55   20   83
60   69   1    13   81   16   19   43   58   29   35   27   3    53
4    70   67   57   77   93   22   33   46   56   6    61   54   18;

The sequence of nodes visited by the drone:
set dronedNodes :=
0    4    70   67   57   32   2    22   41   29   35   27   3    53
94   48   14   98   23   71   7    34   21   95   84   91   74   63
87   38   64   66   40   16   80   43   58   85   6    61   54   18
52   65   75   68   47   5    15   79   24   89   44   10   45   12
60   69   1    13   96   93   19   33   97   8    99   20   76   11
26   78   42   88   37   51   50   59   17   62   25   9    30   72;

The 3-tuple cycles in which the drone was involved:
set droneCycles := (83,86,83);

The node and associated arrival time, departure time, vehicle idle time, and assignment associated with that node:
0 614.5434719042071 614.5434719042071 1.471892318555092 1
1 93.56938381389784 93.56938381389784 0 1
2 229.9482881437135 229.9482881437135 0.24535011623029845 1
3 494.47453503117276 494.47453503117276 0 1
4 40.33151429572154 40.33151429572154 0.12398494016460404 1
5 214.12835048414317 214.12835048414317 0 0
6 409.5413515982862 409.5413515982862 0 1
7 233.3023901099632 233.3023901099632 0 0
8 379.5164405486082 379.5164405486082 0 1
9 489.2429888194449 489.2429888194449 0 0
10 467.75391490593097 467.75391490593097 0 0
11 604.4276291550241 604.4276291550241 0 1
12 557.4300101613974 557.4300101613974 0 0
13 126.6431443644255 126.6431443644255 0 1
14 80.58710458516273 80.58710458516273 0 0
15 240.4482881437135 240.4482881437135 0 0
16 207.6091480789405 207.6091480789405 0 1
17 342.8437182862918 342.8437182862918 0 0
18 551.9300101613974 551.9300101613974 0 1
19 260.1871470719614 260.1871470719614 0 1
20 479.2429888194449 479.2429888194449 0 1
21 315.9743425433766 315.9743425433766 0 0
22 277.87895308491557 277.87895308491557 0 1
23 143.41334911026374 143.41334911026374 0 0
24 328.15275484793807 328.15275484793807 0 0
25 425.4865703173882 425.4865703173882 0 0
26 35.232494782128754 35.232494782128754 0 0
27 438.96145442929685 438.96145442929685 0 1
28 317.6674734736995 317.6674734736995 0 1
29 359.05105856287685 359.05105856287685 0 1
30 532.8053918569269 532.8053918569269 0 0
31 193.7167040894907 193.7167040894907 0 1
32 179.5040336859388 179.5040336859388 0 1
33 304.4248327865802 304.4248327865802 0 1
34 283.469123028665 283.469123028665 0 0
35 389.3176031821295 389.3176031821295 0.5816181762284032 1
36 104.00336494595444 104.00336494595444 0 1
37 169.31654187866835 169.31654187866835 0 0
38 46.73463853315439 46.73463853315439 0 1
39 462.03833828535966 462.03833828535966 0 1
40 145.91334911026374 145.91334911026374 1.4926731929963069 1
41 313.4248327865802 313.4248327865802 0 1
42 96.06938381389784 96.06938381389784 0 0
43 298.1002774662435 298.1002774662435 0 1
44 411.6626719418459 411.6626719418459 0 0
45 505.9629776461741 505.9629776461741 0 0
46 329.5163312754956 329.5163312754956 0 1
47 151.50351905401322 151.50351905401322 0 0
48 42.56758227322133 42.56758227322133 0 0
49 80.32317256266252 80.32317256266252 0 1
50 270.627453580872 270.627453580872 0 0
51 227.4482881437135 227.4482881437135 0 0
52 27.626751459897662 27.626751459897662 0 0
53 543.3276848943548 543.3276848943548 0 1
54 499.8596998383073 499.8596998383073 0 1
55 424.6436333660205 424.6436333660205 0 1
56 365.05105856287685 365.05105856287685 0 1
57 137.71247198476806 137.71247198476806 1.0194519992216726 1
58 319.6674734736995 319.6674734736995 0 1
59 306.48638559938905 306.48638559938905 0 0
60 32.99642680462896 32.99642680462896 0 1
61 459.20991116061344 459.20991116061344 0 1
62 385.0164405486082 385.0164405486082 0 0
63 546.6817868606045 546.6817868606045 0 0
64 85.32317256266252 85.32317256266252 0 1
65 53.442842465653754 53.442842465653754 0 0
66 113.49019792645959 113.49019792645959 0 1
67 103.00336494595444 103.00336494595444 0 1
68 120.59653312823554 120.59653312823554 0 0
69 66.00405861156817 66.00405861156817 0 1
70 78.08710458516273 78.08710458516273 0 1
71 187.40972783635974 187.40972783635974 0 0
72 610.4484264444202 610.4484264444202 0 0
73 348.0056975456896 348.0056975456896 0 1
74 497.51591629632185 497.51591629632185 0 0
75 89.13105911559447 89.13105911559447 0 0
76 511.94274581190183 511.94274581190183 0 1
77 172.43296587407332 172.43296587407332 0 1
78 71.85640856692798 71.85640856692798 0 0
79 298.80738424743004 298.80738424743004 0 0
80 234.9482881437135 234.9482881437135 0 1
81 161.03121162308193 161.03121162308193 0 1
82 56.78451415427528 56.78451415427528 0 1
83 531.1781298735732 534.7836811490372 3.605551275463989 1
84 396.388670993995 396.388670993995 0 0
85 373.11331631117537 373.11331631117537 0 1
86 532.9809055113052 532.9809055113052 0 0
87 24.93416905633041 24.93416905633041 0 1
88 133.5893663591504 133.5893663591504 0 0
89 375.8058987147426 375.8058987147426 0 0
90 290.48450436037956 290.48450436037956 0 1
91 443.9863922398573 443.9863922398573 0 0
92 281.48450436037956 281.48450436037956 0 1
93 220.6475528893458 220.6475528893458 0 1
94 8.592996320183788 8.592996320183788 0 0
95 364.27121181733213 364.27121181733213 0 0
96 156.03121162308193 156.03121162308193 0.26900471102209167 1
97 338.571716413633 338.571716413633 0 1
98 110.1097001477304 110.1097001477304 0 0
99 420.1714974110209 420.1714974110209 0 1
