The sequence of nodes visited by the vehicle:
set vehicleNodes := 0 19 9 13 10 4 15 2 17 16 8;

The sequence of nodes visited by the drone:
set dronedNodes := 0 19 7 9 13 5 10 18 4 3 15 12 2 14 17 1 16 11 8;

The 3-tuple cycles in which the drone was involved:
set droneCycles := (9,6,9);

The node and associated arrival time, departure time, vehicle idle time, and assignment associated with that node:
0 373.73432637857417 373.73432637857417 0 1
1 282.94034994819293 282.94034994819293 0 0
2 242.02050533662708 242.02050533662708 9.359721988483187 1
3 205.22748984368116 205.22748984368116 0 0
4 199.63731989993167 199.63731989993167 0 1
5 149.29260509526395 149.29260509526395 0 0
6 98.53644717905406 98.53644717905406 0 0
7 61.420180529628034 61.420180529628034 0 0
8 335.5432589591677 335.5432589591677 0 1
9 89.31690272176118 107.75599163634695 18.439088914585774 1
10 167.064324950127 167.064324950127 0 1
11 327.79292453886285 327.79292453886285 0 0
12 230.78440280950497 230.78440280950497 0 0
13 143.97753218889662 143.97753218889662 0 1
14 244.0820581494359 244.0820581494359 0 0
15 222.46274432095834 222.46274432095834 0 1
16 320.41051300874614 320.41051300874614 0 1
17 278.8172443225753 278.8172443225753 0 1
18 169.12587776293583 169.12587776293583 0 0
19 55.31690272176118 55.31690272176118 0 1
