The sequence of nodes visited by the vehicle:
set vehicleNodes := 0 6 11 3 1 4 17 18 13 16 12 10;

The sequence of nodes visited by the drone:
set dronedNodes := 0 7 6 11 15 3 1 8 17 9 18 13 19 16 5 12 2 10;

The 3-tuple cycles in which the drone was involved:
set droneCycles := (13,14,13);

The node and associated arrival time, departure time, vehicle idle time, and assignment associated with that node:
0 326.8016014920248 326.8016014920248 0 1
1 120.1843101046966 120.1843101046966 0 1
2 272.82653745033383 272.82653745033383 0 0
3 74.5334612626433 74.5334612626433 2.528859708666971 1
4 134.21997895231482 134.21997895231482 0 1
5 248.80989581536372 248.80989581536372 0 0
6 44.460597808658804 44.460597808658804 0 1
7 19.88846327924911 19.88846327924911 0 0
8 134.89824907425876 134.89824907425876 0 0
9 157.94025504379823 157.94025504379823 0 0
10 290.53014076150833 290.53014076150833 0 1
11 53.004601553976336 53.004601553976336 0 1
12 268.32653745033383 268.32653745033383 0 1
13 216.10576611337484 223.91601578928152 7.810249675906654 1
14 220.01089095132818 220.01089095132818 0 0
15 68.51266397324716 68.51266397324716 0 0
16 248.10278903417716 248.10278903417716 0 1
17 145.40031883981376 145.40031883981376 0 1
18 166.01584696790206 166.01584696790206 0 1
19 234.70953236174296 234.70953236174296 0 0
