The sequence of nodes visited by the vehicle:
set vehicleNodes := 0 7 18 15 9 4 2 11 3 19 5;

The sequence of nodes visited by the drone:
set dronedNodes := 0 10 18 1 15 12 4 6 11 8 3 14 19 17 5 16;

The 3-tuple cycles in which the drone was involved:
set droneCycles := (9,13,9);

The node and associated arrival time, departure time, vehicle idle time, and assignment associated with that node:
0 298.30578656971323 298.30578656971323 0 1
1 94.40687919295688 94.40687919295688 0 0
2 159.52744956444707 159.52744956444707 0 1
3 190.94392652869044 190.94392652869044 0 1
4 149.23181942346005 149.23181942346005 0 1
5 230.58416278379474 230.58416278379474 0 1
6 163.74043755200697 163.74043755200697 0 0
7 74.69863527348308 74.69863527348308 0 1
8 188.51885702389396 188.51885702389396 0 0
9 125.84704311260982 130.8470431126098 5 1
10 45.73118392742904 45.73118392742904 0 0
11 181.9996546186913 181.9996546186913 0 1
12 131.9712408119251 131.9712408119251 0 0
13 128.3470431126098 128.3470431126098 0 0
14 199.02167373939218 199.02167373939218 0 0
15 105.72243131511172 105.72243131511172 0 1
16 246.93194550806655 246.93194550806655 0 0
17 213.89594827357078 213.89594827357078 0 0
18 84.69863527348308 84.69863527348308 0 1
19 210.36041436763804 210.36041436763804 0 1
