The sequence of nodes visited by the vehicle:
set vehicleNodes :=
0    52   95   56   24   18   44   61   36   90   66   80   23   75
5    30   79   20   99   46   4    70   69   78   40   1    25   55
89   68   57   92   8    37   15   77   93   3    73   27   10
41   26   28   17   85   35   16   72   53   60   7    19   9;

The sequence of nodes visited by the drone:
set dronedNodes :=
0    52   26   57   92   8    46   4    61   88   21   33   86   58   2    87
38   51   47   81   65   97   14   74   64   36   53   3    7    27   10
89   30   95   28   17   85   37   15   70   67   12   82   62   6    43
45   11   31   94   91   29   39   50   71   69   90   60   80   19   9
41   68   79   56   99   18   44   16   77   13   49   84   98   63   34
48   59   54   22   83   96   32   76   72   93   78   66   1    25   75;

The 3-tuple cycles in which the drone was involved:
set droneCycles := (90,42,90);

The node and associated arrival time, departure time, vehicle idle time, and assignment associated with that node:
0 577.275408795789 577.275408795789 0 1
1 494.1635946484256 494.1635946484256 0 1
2 529.6935759995868 529.6935759995868 0 0
3 435.3341057257454 435.3341057257454 0 1
4 275.97266121434916 275.97266121434916 0 1
5 14.557404771988969 14.557404771988969 0 1
6 508.8656095439453 508.8656095439453 0 0
7 472.7119647763134 472.7119647763134 0 1
8 202.88042496065748 202.88042496065748 0 1
9 552.5923931810353 552.5923931810353 0 1
10 532.4926419387934 532.4926419387934 0 1
11 63.86391769072729 63.86391769072729 0 0
12 409.2424973420657 409.2424973420657 0 0
13 387.04945627019987 387.04945627019987 0 0
14 237.15286607494332 237.15286607494332 0 0
15 286.74466308700795 286.74466308700795 1.827729962659646 1
16 303.44269476936967 303.44269476936967 2.7696434051775896 1
17 179.80248314125038 179.80248314125038 0 1
18 228.24974183751047 228.24974183751047 0 1
19 518.0073605645549 518.0073605645549 0 1
20 157.97403963183456 157.97403963183456 0 1
21 401.1042873947499 401.1042873947499 0 0
22 162.58981273769848 162.58981273769848 0 0
23 519.421574126928 519.421574126928 0 1
24 187.86474088954893 187.86474088954893 0 1
25 525.421574126928 525.421574126928 0 1
26 97.08738567552336 97.08738567552336 0 1
27 508.15850276275876 508.15850276275876 0.9949081143331568 1
28 147.90297181996908 147.90297181996908 0 1
29 222.05047709187818 222.05047709187818 0 0
30 59.86391769072729 59.86391769072729 0 1
31 122.72785161417211 122.72785161417211 0 0
32 263.01531888113857 263.01531888113857 0 0
33 431.2585346266435 431.2585346266435 0 0
34 559.0923931810353 559.0923931810353 0 0
35 254.94829900879344 254.94829900879344 0 0.9999999993040939
36 362.7125304846725 362.7125304846725 0 1
37 240.73562860524154 240.73562860524154 0 1
38 11.273381247975731 11.273381247975731 0 0
39 247.06018392557831 247.06018392557831 0 0
40 460.6408969644479 460.6408969644479 0 1
41 30.595809582394267 30.595809582394267 0 1
42 415.8341057257454 415.8341057257454 0 0
43 539.4388639335183 539.4388639335183 0 0
44 257.18436698629324 257.18436698629324 0 1
45 27.265648691462772 27.265648691462772 0 0
46 234.65286607494332 234.65286607494332 0 1
47 98.58738567552336 98.58738567552336 0 0
48 39.44171258887133 39.44171258887133 0 0
49 419.9396570012094 419.9396570012094 0 0
50 294.88407338505783 294.88407338505783 0 0
51 51.14258971436702 51.14258971436702 0 0
52 45.44171258887133 45.44171258887133 1.8459030064770658 1
53 405.4346107891337 405.4346107891337 0 1
54 135.45577367552994 135.45577367552994 0 0
55 568.9941474320267 568.9941474320267 0 1
56 154.97403963183456 154.97403963183456 0 1
57 143.4308358649695 143.4308358649695 0 1
58 500.3482530868521 500.3482530868521 0 0
59 91.46778852032203 91.46778852032203 0 0
60 445.23914271345654 445.23914271345654 0.9607650777119829 1
61 312.44269476936967 312.44269476936967 0 1
62 478.234645284907 478.234645284907 0 0
63 520.1286809081146 520.1286809081146 0 0
64 316.4738236435189 316.4738236435189 0 0
65 170.61475054825894 170.61475054825894 0 0
66 449.23914271345654 449.23914271345654 0 1
67 364.9485984621723 364.9485984621723 0 0
68 81.95463972510181 81.95463972510181 0 1
69 376.31400099340794 376.31400099340794 0 1
70 322.29155257116577 322.29155257116577 0 1
71 335.29155257116577 335.29155257116577 0 0
72 351.31077623368117 351.31077623368117 0 1
73 467.7119647763134 467.7119647763134 0 1
74 280.24466308700795 280.24466308700795 0 0
75 563.9941474320267 563.9941474320267 0 1
76 309.44269476936967 309.44269476936967 0 0
77 348.31077623368117 348.31077623368117 0 1
78 426.3341057257454 426.3341057257454 0 1
79 130.4308358649695 130.4308358649695 0 1
80 484.11371902730474 484.11371902730474 0 1
81 145.2336115027015 145.2336115027015 0 0
82 441.5990877688163 441.5990877688163 0 0
83 194.77895445192203 194.77895445192203 0 0
84 447.73914271345654 447.73914271345654 0 0
85 215.24974183751047 215.24974183751047 0 1
86 464.9394611815641 464.9394611815641 0 0
87 568.9185763329248 568.9185763329248 0 0
88 355.9205484623276 355.9205484623276 0 0
89 17.55740477198897 17.55740477198897 0 1
90 415.3341057257454 416.3341057257454 1 1
91 183.92558876686803 183.92558876686803 0 0
92 165.58981273769848 165.58981273769848 0 1
93 396.8322855220911 396.8322855220911 0 1
94 150.45248157676548 150.45248157676548 0 0
95 117.70291380361166 117.70291380361166 0 1
96 228.74974183751047 228.74974183751047 0 0
97 208.98370276852432 208.98370276852432 0 0
98 486.61371902730474 486.61371902730474 0 0
99 189.27895445192203 189.27895445192203 0 1
