The sequence of nodes visited by the vehicle:
set vehicleNodes :=
0    29   38   35   42   1    20   7    47   18   3    15   24   32
49   34   41   16   45   44   8    13   5    10   17   33   25   22;

The sequence of nodes visited by the drone:
set dronedNodes :=
0    46   34   9    16   19   8    21   18   4    33   23   22
31   29   27   41   30   44   6    5    43   15   39   25   14
49   11   38   48   45   37   7    36   17   12   24   40;

The 3-tuple cycles in which the drone was involved:
set droneCycles := (42,26,42) (1,2,1) (13,28,13);

The node and associated arrival time, departure time, vehicle idle time, and assignment associated with that node:
0 409.8654187208932 409.8654187208932 0 1
1 145.77472513963417 147.18893870200728 1.4142135623730951 1
2 146.48183192082072 146.48183192082072 0 0
3 288.42130365458684 288.42130365458684 0 1
4 301.17346211751794 301.17346211751794 0 0
5 244.07870755559455 244.07870755559455 0 1
6 205.64646878386483 205.64646878386483 0 0
7 216.9844725593659 216.9844725593659 0 1
8 189.1995845804663 189.1995845804663 0 1
9 76.90295478163304 76.90295478163304 0 0
10 282.5903517597415 282.5903517597415 0 1
11 37.96641009951751 37.96641009951751 0 0
12 314.62579461789187 314.62579461789187 0 0
13 227.61461837210055 229.02883193447366 1.4142135623730951 1
14 382.3512864720531 382.3512864720531 0 0
15 306.7995566966426 306.7995566966426 0 1
16 105.24684492165622 105.24684492165622 6.710243749000654 1
17 297.365575564586 297.365575564586 0 1
18 272.15004525083094 272.15004525083094 0 1
19 149.4205883798796 149.4205883798796 0 0
20 171.311040760468 171.311040760468 0 1
21 223.78520781373362 223.78520781373362 0 0
22 378.7457351965891 378.7457351965891 0 1
23 351.99164425288126 351.99164425288126 0 0
24 345.2648322293444 345.2648322293444 0.6904285674146422 1
25 360.9173080718429 360.9173080718429 0 1
26 125.87043119632786 125.87043119632786 0 0
27 55.26127995398661 55.26127995398661 0 0
28 228.3217251532871 228.3217251532871 0 0
29 30.53337572585826 30.53337572585826 1.2396983976821367 1
30 117.99439370563817 117.99439370563817 0 0
31 14.26861673133646 14.26861673133646 0 0
32 363.7457351965891 363.7457351965891 0 1
33 324.47465241968797 324.47465241968797 2.1509210267853405 1
34 49.671110010237136 49.671110010237136 1.1099779070589264 1
35 94.064465217656 94.064465217656 0 1
36 257.3922345112889 257.3922345112889 0 0
37 172.25569953113333 172.25569953113333 0 0
38 69.52054325151634 69.52054325151634 0 1
39 337.2025744810458 337.2025744810458 0 0
40 364.5228593473069 364.5228593473069 0 0
41 81.0260604072507 81.0260604072507 1.209887014747352 1
42 124.45621763395476 127.28464475870095 2.8284271247461903 1
43 279.114239389423 279.114239389423 0 0
44 161.4621829586719 161.4621829586719 1.6241336159910986 1
45 133.60920007903772 133.60920007903772 0 1
46 29.119162163485164 29.119162163485164 0 0
47 234.02883193447366 234.02883193447366 0 1
48 96.23296673299625 96.23296673299625 0 0
49 27.057609350676334 27.057609350676334 0 1
