The sequence of nodes visited by the vehicle:
set vehicleNodes :=
0    44   40   22   12   29   27   23   35   2    7    28   10   46   18
20   21   14   47   1    41   13   26   9    11   16   4    39   38;

The sequence of nodes visited by the drone:
set dronedNodes :=
0    36   47   37   29   49   26   30   2    34   28   24   38   25
17   22   32   1    45   13   33   9    31   7    19   10   5
44   48   12   3    27   15   35   43   11   6    4    42   18;

The 3-tuple cycles in which the drone was involved:
set droneCycles := (16,8,16);

The node and associated arrival time, departure time, vehicle idle time, and assignment associated with that node:
0 433.03955961182515 433.03955961182515 0 1
1 114.1372761570906 114.1372761570906 0 1
2 236.57610027637097 236.57610027637097 0 1
3 125.18263717427786 125.18263717427786 0 0
4 339.1454920846454 339.1454920846454 0.7786243361974812 1
5 392.97345496220055 392.97345496220055 0 0
6 305.2377717958843 305.2377717958843 0 0
7 296.991560544649 296.991560544649 0 1
8 307.89670635302116 307.89670635302116 0 0
9 233.4138226162026 233.4138226162026 0 1
10 362.01638601900135 362.01638601900135 1.2838607894330494 1
11 262.9768578412591 262.9768578412591 0 1
12 101.1372761570906 101.1372761570906 1.8948334875775004 0.9999999989369716
13 180.21335567389607 180.21335567389607 0 1
14 64.66860455326133 64.66860455326133 0 1
15 186.61647991132892 186.61647991132892 0 0
16 307.1895995718346 308.6038131342077 1.4142135623730951 1
17 14.307022508281374 14.307022508281374 0 0
18 403.9981408348288 403.9981408348288 0 1
19 333.4446149591497 333.4446149591497 0 0
20 6.7170522730801405 6.7170522730801405 0 1
21 43.644242347705614 43.644242347705614 0 1
22 65.66860455326133 65.66860455326133 0 1
23 190.98368528816508 190.98368528816508 0 1
24 355.2156507646336 355.2156507646336 0 0
25 416.25579150696007 416.25579150696007 0 0
26 203.98368528816508 203.98368528816508 0 1
27 164.98180946216826 164.98180946216826 0 1
28 325.36686774844793 325.36686774844793 0 1
29 142.56261696419438 142.56261696419438 0 1
30 229.64857148829583 229.64857148829583 0 0
31 250.44152490023302 250.44152490023302 0 0
32 94.17308201849853 94.17308201849853 0 0
33 210.16834372659156 210.16834372659156 0 0
34 265.9768578412591 265.9768578412591 0 0
35 222.36846159901532 222.36846159901532 0 1
36 44.021747334344134 44.021747334344134 0 0
37 105.88069264734317 105.88069264734317 0 1.0630284126617083e-09
38 389.4379210562678 389.4379210562678 0 1
39 371.07177115713876 371.07177115713876 0 1
40 45.8803103252054 45.8803103252054 0 1
41 154.93193384104737 154.93193384104737 0 1
42 370.1557963170512 370.1557963170512 0 0
43 234.9138226162026 234.9138226162026 0 0
44 25.952436334751482 25.952436334751482 0 1
45 151.04789833843296 151.04789833843296 0 0
46 377.3963264774755 377.3963264774755 0 1
47 76.43893416753033 76.43893416753033 0 1
48 71.68940184265747 71.68940184265747 0 0
49 171.02333244896553 171.02333244896553 0 0
