The sequence of nodes visited by the vehicle:
set vehicleNodes := 0 19 18 5 1 2 15 9 3 7 13 12 16;

The sequence of nodes visited by the drone:
set dronedNodes := 0 4 5 8 2 6 9 3 17 7 10 12 14;

The 3-tuple cycles in which the drone was involved:
set droneCycles := (7,11,7);

The node and associated arrival time, departure time, vehicle idle time, and assignment associated with that node:
0 348.7324975645182 348.7324975645182 2.6766631293301657 1
1 37.56780258008719 37.56780258008719 0 1
2 53.57494243307651 53.57494243307651 0.1201335376026691 1
3 150.38952072855963 150.38952072855963 0 1
4 8.982767954446782 8.982767954446782 0 0
5 22.12692929055106 22.12692929055106 0 1
6 68.42385552184592 68.42385552184592 0 0
7 213.45758520004273 264.3837626517353 50.926177451692595 1
8 41.07008848378848 41.07008848378848 0 0
9 102.93770480812378 102.93770480812378 9.869348951190176 1
10 305.4502196101178 305.4502196101178 0 0
11 238.92067392588902 238.92067392588902 0 0
12 324.45583228200053 324.45583228200053 0 1
13 303.3194274313025 303.3194274313025 0 1
14 331.6356105765822 331.6356105765822 0 0
15 72.09113393018214 72.09113393018214 0 1
16 333.7597006381745 333.7597006381745 0 1
17 165.90360914878877 165.90360914878877 0 0
18 12.386382275010503 12.386382275010503 0 1
19 10.505742247969758 10.505742247969758 0 1
