The sequence of nodes visited by the vehicle:
set vehicleNodes := 0 19 8 7 1 4 3 2 11 18 9 14 16;

The sequence of nodes visited by the drone:
set dronedNodes := 0 5 19 10 8 17 7 12 4 6 14 13;

The 3-tuple cycles in which the drone was involved:
set droneCycles := (7,15,7);

The node and associated arrival time, departure time, vehicle idle time, and assignment associated with that node:
0 418.8847696305114 418.8847696305114 0 1
1 227.57972067215667 227.57972067215667 0 1
2 273.8908222629125 273.8908222629125 0 1
3 264.06887936851524 264.06887936851524 0 1
4 249.83144437152916 249.83144437152916 0 1
5 52.867975173694106 52.867975173694106 0 0
6 269.552272246751 269.552272246751 0 0
7 144.04909382741198 211.9194410626593 67.87034723524731 1
8 112.19109236991946 112.19109236991946 0 1
9 283.66186671728786 283.66186671728786 0 1
10 99.17230734850352 99.17230734850352 0 0
11 275.4005135337213 275.4005135337213 0 1
12 227.9132174610428 227.9132174610428 0 0
13 317.364971287598 317.364971287598 0 0
14 302.3107976343335 302.3107976343335 0 1
15 177.98426744503564 177.98426744503564 0 0
16 322.47014842005757 322.47014842005757 0 1
17 116.77165919587262 116.77165919587262 0 0
18 283.2724145575085 283.2724145575085 0 1
19 73.90091002721447 73.90091002721447 0 1
