The sequence of nodes visited by the vehicle:
set vehicleNodes := 0 1 12 14 19 17 16 6 4 9 10 7 15;

The sequence of nodes visited by the drone:
set dronedNodes := 0 2 14 13 4 11 9 5 10 3 15 18;

The 3-tuple cycles in which the drone was involved:
set droneCycles := (0,8,0);

The node and associated arrival time, departure time, vehicle idle time, and assignment associated with that node:
0 432.85298346553657 432.85298346553657 0 1
1 148.42350121084309 148.42350121084309 0 1
2 133.78835046735713 133.78835046735713 0 0
3 325.82033390120114 325.82033390120114 0 0
4 254.0563804198985 254.0563804198985 0 1
5 291.20523079161137 291.20523079161137 0 0
6 246.81944089548367 246.81944089548367 0 1
7 334.68478600008854 334.68478600008854 0 1
8 39.79880878542756 39.79880878542756 0 0
9 286.56151908037987 286.56151908037987 0 1
10 307.017810330749 307.017810330749 0 1
11 274.05583517299516 274.05583517299516 0 0
12 154.69031734023582 154.69031734023582 0 1
13 222.07772703235887 222.07772703235887 0 0
14 169.19545003469042 169.19545003469042 0 1
15 356.46922778788286 356.46922778788286 0 1
16 225.01202016226546 225.01202016226546 0 1
17 186.7008150866006 186.7008150866006 0 1
18 384.54358785519236 384.54358785519236 0 0
19 174.35989026107623 174.35989026107623 0 1
