The sequence of nodes visited by the vehicle:
set vehicleNodes := 0 7 2 8 15 1 14 16 9 13 3;

The sequence of nodes visited by the drone:
set dronedNodes := 0 11 7 18 2 4 8 5 15 6 14 19 16 17 13 12;

The 3-tuple cycles in which the drone was involved:
set droneCycles := (15,10,15);

The node and associated arrival time, departure time, vehicle idle time, and assignment associated with that node:
0 371.44822741032186 371.44822741032186 0 1
1 132.35499868717753 132.35499868717753 0 1
2 85.59859335781593 85.59859335781593 0.13135067019891267 1
3 353.703914566293 353.703914566293 0 1
4 91.1038368990132 91.1038368990132 0 0
5 102.4304105450349 102.4304105450349 0 0
6 119.64164207597537 119.64164207597537 0 0
7 46.96198348058893 46.96198348058893 0 1
8 100.36634851020094 100.36634851020094 0 1
9 230.138377419268 230.138377419268 0 1
10 109.73030089675173 109.73030089675173 0 0
11 11.17073781338604 11.17073781338604 0 0
12 322.34675044508515 322.34675044508515 0 0
13 313.6406681989442 313.6406681989442 0 1
14 144.79711144924008 144.79711144924008 0 1
15 108.95712491325583 110.50347688024763 1.546351966991796 1
16 210.3244043732434 210.3244043732434 0 1
17 258.1875083900695 258.1875083900695 0 0
18 66.71816272357248 66.71816272357248 0 0
19 168.99687509102847 168.99687509102847 0 0
