The sequence of nodes visited by the vehicle:
set vehicleNodes := 0 1 13 2 15 4 19 6 11 7 12;

The sequence of nodes visited by the drone:
set dronedNodes := 0 3 1 16 13 18 15 10 19 9 6 17 11 5 7 14;

The 3-tuple cycles in which the drone was involved:
set droneCycles := (7,8,7);

The node and associated arrival time, departure time, vehicle idle time, and assignment associated with that node:
0 423.52538119605464 423.52538119605464 0 1
1 31.076488360027334 31.076488360027334 0 1
2 37.72759280252139 37.72759280252139 0 1
3 9.607704722597001 9.607704722597001 0 0
4 67.32492719230686 67.32492719230686 0 1
5 212.25196433403414 212.25196433403414 0 0
6 104.33862571299075 104.33862571299075 0 1
7 294.66516566044055 368.40712781060887 73.74196215016829 1
8 331.5361467355247 331.5361467355247 0 0
9 91.44269754630484 91.44269754630484 0 0
10 57.75612492274542 57.75612492274542 0 0
11 165.52594702881876 165.52594702881876 0 1
12 419.13804819484756 419.13804819484756 0 1
13 33.8163370610965 33.8163370610965 0.7908480100406479 1
14 408.3027778477158 408.3027778477158 0 0
15 44.23920090447539 44.23920090447539 0 1
16 32.90484012798174 32.90484012798174 0 0
17 139.27100126034645 139.27100126034645 0 0
18 40.33327040641488 40.33327040641488 0 0
19 78.60055107897071 78.60055107897071 0 1
