The sequence of nodes visited by the vehicle:
set vehicleNodes := 0 16 6 5 13 2 10 14 9 19 8 7 12;

The sequence of nodes visited by the drone:
set dronedNodes := 0 17 2 4 10 11 14 3 7 1 12 15;

The 3-tuple cycles in which the drone was involved:
set droneCycles := (10,18,10);

The node and associated arrival time, departure time, vehicle idle time, and assignment associated with that node:
0 319.3447509683007 319.3447509683007 5.32663477287133 1
1 275.93619140587134 275.93619140587134 0 0
2 90.45916037327969 90.45916037327969 0 1
3 217.94306349597963 217.94306349597963 0 0
4 107.3004014078146 107.3004014078146 0 0
5 72.62554280696497 72.62554280696497 0 1
6 70.74922107077995 70.74922107077995 0 1
7 249.27524934404684 249.27524934404684 0.09323331237121124 1
8 233.36130739938696 233.36130739938696 0 1
9 201.0377915073945 201.0377915073945 0 1
10 119.89002726361207 139.8143458327222 19.92431856911013 1
11 161.4486158726455 161.4486158726455 0 0
12 298.44031306154034 298.44031306154034 0 1
13 78.95936379989124 78.95936379989124 0 1
14 181.88938955897072 181.88938955897072 0 1
15 307.4593391619598 307.4593391619598 0 0
16 66.08802225605227 66.08802225605227 0 1
17 40.23955595405342 40.23955595405342 0 0
18 129.85218654816714 129.85218654816714 0 0
19 217.67740787731591 217.67740787731591 0 1
