The sequence of nodes visited by the vehicle:
set vehicleNodes := 0 4 3 9 8 19 17 10 7 12;

The sequence of nodes visited by the drone:
set dronedNodes := 0 15 4 14 3 13 8 1 19 5 17 18 10 2 7 11 12 16;

The 3-tuple cycles in which the drone was involved:
set droneCycles := (19,6,19);

The node and associated arrival time, departure time, vehicle idle time, and assignment associated with that node:
0 287.13254325332684 287.13254325332684 0 1
1 112.25208968033601 112.25208968033601 0 0
2 201.1025879209732 201.1025879209732 0 0
3 78.15491109330686 78.15491109330686 0.12459777029505403 1
4 47.22446972151308 47.22446972151308 0 1
5 156.19766000708836 156.19766000708836 0 0
6 143.41408047472407 143.41408047472407 0 0
7 225.8990967061252 225.8990967061252 0 1
8 108.89798771408633 108.89798771408633 0 1
9 89.20027211049413 89.20027211049413 0 1
10 195.88243466651792 195.88243466651792 0 1
11 241.43132127313424 241.43132127313424 0 0
12 261.9129829168634 261.9129829168634 0 1
13 88.20478671442775 88.20478671442775 0 0
14 69.52357284249084 69.52357284249084 0 0
15 14.561242056011432 14.561242056011432 0 0
16 268.0976413552899 268.0976413552899 0 0
17 160.49882264060966 160.49882264060966 2.3187101022441254 1
18 181.8178282459375 181.8178282459375 0 0
19 141.17801249722427 145.65014845222387 4.47213595499958 1
