The sequence of nodes visited by the vehicle:
set vehicleNodes := 0 10 17 4 5 8 6 18 11 16 12;

The sequence of nodes visited by the drone:
set dronedNodes := 0 9 17 7 4 2 5 13 6 15 18 19 16 3 12 1;

The 3-tuple cycles in which the drone was involved:
set droneCycles := (5,14,5);

The node and associated arrival time, departure time, vehicle idle time, and assignment associated with that node:
0 574.1067186079891 574.1067186079891 0 1
1 531.4909744267854 531.4909744267854 0 0
2 243.79666499258695 243.79666499258695 0 0
3 508.5001300825145 508.5001300825145 0 0
4 152.04115636430373 152.04115636430373 0 1
5 276.1264208119185 285.18268398689804 9.056263174979541 1
6 332.4335214915228 332.4335214915228 0 1
7 98.12655748693507 98.12655748693507 0 0
8 306.6655712138608 306.6655712138608 0 1
9 40.98452436031472 40.98452436031472 0 0
10 65.38197906054822 65.38197906054822 0 1
11 476.4685437207468 476.4685437207468 0 1
12 520.7897067996599 520.7897067996599 0 1
13 296.6349460054478 296.6349460054478 0 0
14 280.65455239940826 280.65455239940826 0 0
15 370.25045989625403 370.25045989625403 0 0
16 500.5856658832961 500.5856658832961 0 1
17 82.31435818098714 82.31435818098714 0 1
18 462.49189737755546 462.49189737755546 0 1
19 471.6076867647991 471.6076867647991 0 0
