The sequence of nodes visited by the vehicle:
set vehicleNodes :=
0    41   66   81   56   60   47   35   80   78   12   48   89   44   94
50   95   36   77   63   65   87   99   55   72   2    16   15   7
10   6    97   84   90   45   71   70   11   51   62   46   75   83
52   73   5    53   69   32   9    40   19   92   79   86   64   74;

The sequence of nodes visited by the drone:
set dronedNodes :=
0    95   36   77   63   60   47   76   61   28   58   96   33   98   29
91   59   22   27   57   37   21   35   55   51   62   86   75   7
10   6    5    53   90   65   87   30   14   3    82   20   25   1
67   49   8    13   18   42   39   70   11   12   48   89   64   83
41   73   81   56   69   32   71   68   4    38   93   17   24   34
88   23   31   54   43   85   9    80   78   2    46   15   44   74;

The 3-tuple cycles in which the drone was involved:
set droneCycles := (83,26,83);

The node and associated arrival time, departure time, vehicle idle time, and assignment associated with that node:
0 651.0532733907819 651.0532733907819 0 1
1 600.5512818303093 600.5512818303093 0 0
2 465.6435246091651 465.6435246091651 0 1
3 452.1120567557839 452.1120567557839 0 0
4 418.2026077837978 418.2026077837978 0 0
5 135.44131739853253 135.44131739853253 0 1
6 59.29522981918974 59.29522981918974 0 1
7 592.4735346196076 592.4735346196076 0 1
8 138.1338998020998 138.1338998020998 0 0
9 346.37314862637794 346.37314862637794 0 1
10 14.662515604382271 14.662515604382271 0 1
11 410.1403500354993 410.1403500354993 0 1
12 455.74402967255344 455.74402967255344 0 1
13 186.33604552572723 186.33604552572723 0 0
14 404.6092237363574 404.6092237363574 0 0
15 537.803409590697 537.803409590697 0.2354987331623306 1
16 499.78133018160156 499.78133018160156 0 1
17 533.7722807165477 533.7722807165477 0 0
18 258.2369089354748 258.2369089354748 0 0
19 419.62718301600444 419.62718301600444 0 1
20 525.6911418864635 525.6911418864635 0 0
21 315.7070248692395 315.7070248692395 0 0
22 87.12368344725819 87.12368344725819 0 0
23 74.99814670370243 74.99814670370243 0 0
24 573.2279691856339 573.2279691856339 0 0
25 555.4935851848578 555.4935851848578 0 0
26 609.0980501162046 609.0980501162046 0 0
27 176.89606089027657 176.89606089027657 0 0
28 437.60516789337856 437.60516789337856 0 0
29 631.3813573156999 631.3813573156999 0 0
30 357.7967234603075 357.7967234603075 0 0
31 165.77850329868153 165.77850329868153 0 0
32 304.0047121763007 304.0047121763007 0 1
33 545.1858211208137 545.1858211208137 0 0
34 611.6596029290134 611.6596029290134 0 0
35 352.6977039467147 352.6977039467147 0 1
36 83.48362850261793 83.48362850261793 0 1
37 279.0365735921012 279.0365735921012 0 0
38 458.29353942934983 458.29353942934983 0 0
39 323.6153517824355 323.6153517824355 0 0
40 375.4244225628822 375.4244225628822 0 1
41 32.211606333185955 32.211606333185955 0 1
42 293.7366557795839 293.7366557795839 0 0
43 265.8887920538855 265.8887920538855 0 0
44 579.7456125582497 579.7456125582497 0 1
45 300.3991609008367 300.3991609008367 0 1
46 510.30212747099773 510.30212747099773 0.6719394876000706 1
47 312.0669699245992 312.0669699245992 0 1
48 496.78133018160156 496.78133018160156 0 1
49 65.31602710858589 65.31602710858589 0 0
50 5.175682623877133 5.175682623877133 0 1
51 449.41947435221664 449.41947435221664 0 1
52 24.14934858488741 24.14934858488741 0 1
53 181.72627329708078 181.72627329708078 0 1
54 231.8958887382484 231.8958887382484 0 0
55 399.5102042227646 399.5102042227646 0 1
56 228.25583379360813 228.25583379360813 0 1
57 242.4775549462562 242.4775549462562 0 0
58 473.4537742850718 473.4537742850718 0 0
59 50.71417059039506 50.71417059039506 0 0
60 272.0903515973763 272.0903515973763 0 1
61 384.61681071830736 384.61681071830736 0 0
62 479.6791934567833 479.6791934567833 0 1
63 239.43617368110708 239.43617368110708 0 1
64 558.6505894485207 558.6505894485207 0 1
65 290.2011218736511 290.2011218736511 0 1
66 74.93962475730041 74.93962475730041 0 1
67 21.16251560438227 21.16251560438227 0 0
68 374.31887128741823 374.31887128741823 0 0
69 264.4745784915124 264.4745784915124 0 1
70 371.81887128741823 371.81887128741823 0 1
71 344.13708064887817 344.13708064887817 0 1
72 446.41947435221664 446.41947435221664 0 1
73 70.69698407018112 70.69698407018112 0 1
74 622.3259721775624 622.3259721775624 0 1
75 551.3704795592402 551.3704795592402 2.3867300810442202 1
76 349.57471074509436 349.57471074509436 0 0
77 173.36052698434384 173.36052698434384 0 1
78 428.17118676132196 428.17118676132196 0 1
79 481.9152614342831 481.9152614342831 0 1
80 376.83863612525533 376.83863612525533 0 1
81 149.65398780208443 149.65398780208443 0 1
82 486.08231769421616 486.08231769421616 0 0
83 608.5980501162046 609.5980501162046 1 1
84 177.60316767146313 177.60316767146313 0 1
85 307.6102634517647 307.6102634517647 0 0
86 523.4550739089636 523.4550739089636 0 1
87 321.1153517824355 321.1153517824355 4.576245902836661 1
88 39.211606333185955 39.211606333185955 0 0
89 527.2722807165477 527.2722807165477 2.4029932452109506 1
90 251.43617368110708 251.43617368110708 0 1
91 10.007899984439106 10.007899984439106 0 0
92 452.58175201238504 452.58175201238504 0 1
93 504.28133018160156 504.28133018160156 0 0
94 624.3259721775624 624.3259721775624 0 1
95 42.65191284209651 42.65191284209651 0 1
96 513.9076787464617 513.9076787464617 0 0
97 130.05615259139802 130.05615259139802 0 1
98 585.3357825019992 585.3357825019992 0 0
99 365.73610875712 365.73610875712 0 1
