The sequence of nodes visited by the vehicle:
set vehicleNodes :=
0    58   15   92   73   42   74   97   29   71   64   33   43   46
94   39   79   14   26   21   34   95   53   82   24   19   70   54
52   85   88   76   63   56   65   45   5    57   75   35   93
50   51   30   91   59   16   62   78   84   40   83   72   32;

The sequence of nodes visited by the drone:
set dronedNodes :=
0    39   15   30   10   55   37   97   78   84   57   24   33   43   32
77   66   67   92   73   21   34   20   31   6    22   12   80   8    44
52   85   79   98   86   9    65   95   29   71   40   75   35   70   46
41   23   69   76   59   56   3    25   89   28   36   96   2    60   81
58   51   88   1    38   7    62   45   53   82   64   83   72   93
4    87   18   91   42   74   99   13   47   48   68   61   17   11;

The 3-tuple cycles in which the drone was involved:
set droneCycles := (45,49,45) (33,27,33) (19,90,19);

The node and associated arrival time, departure time, vehicle idle time, and assignment associated with that node:
0 615.8535766537185 615.8535766537185 0 1
1 155.30799700770922 155.30799700770922 0 0
2 534.1977598999428 534.1977598999428 0 0
3 270.3803012193222 270.3803012193222 0 0
4 61.646769672214795 61.646769672214795 0 0
5 397.81609319932477 397.81609319932477 0 1
6 414.6728252928902 414.6728252928902 0 0
7 239.80863194383338 239.80863194383338 0 0
8 576.4926740760314 576.4926740760314 0 0
9 220.07680329152984 220.07680329152984 0 0
10 171.99126312964813 171.99126312964813 0 0
11 585.4444382941954 585.4444382941954 0 0
12 458.79848316670325 458.79848316670325 0 0
13 340.43077479892384 340.43077479892384 0 0
14 147.1207815369804 147.1207815369804 0 1
15 108.05539402141576 108.05539402141576 0 1
16 238.00074539090141 238.00074539090141 0 1
17 543.2762163930415 543.2762163930415 0 0
18 134.18583000714958 134.18583000714958 0 0
19 519.7763285485266 527.8385862968253 8.06225774829855 1
20 298.3132305939075 298.3132305939075 0 0
21 215.60466733653027 215.60466733653027 0 1
22 438.69804800296765 438.69804800296765 0 0
23 88.20973418754801 88.20973418754801 0 0
24 454.767354292554 454.767354292554 0 1
25 326.4690496816862 326.4690496816862 0 0
26 181.56511036896865 181.56511036896865 0 1
27 506.2629732924743 506.2629732924743 0 0
28 424.56959195879244 424.56959195879244 0 0
29 382.81609319932477 382.81609319932477 0 1
30 138.0217620233876 138.0217620233876 0 1
31 362.7625704905055 362.7625704905055 0 0
32 587.2239918456277 587.2239918456277 0 1
33 505.5558665112878 506.9700800736609 1.4142135623730951 1
34 258.96394150477397 258.96394150477397 0 1
35 530.0746542743251 530.0746542743251 0 1
36 443.84959192789006 443.84959192789006 0 0
37 252.51919899930743 252.51919899930743 0 0
38 189.84508438171667 189.84508438171667 0 0
39 69.06353849177569 69.06353849177569 0 1
40 441.6135239503903 441.6135239503903 0.47927388758205325 1
41 38.23654304664175 38.23654304664175 0 0
42 194.06400810799227 194.06400810799227 0 1
43 573.4512928108824 573.4512928108824 0 1
44 590.8640467902679 590.8640467902679 0 0
45 327.8832632440593 329.8832632440593 2 1
46 598.0406456720197 598.0406456720197 0 1
47 401.2012580064593 401.2012580064593 0 0
48 431.3846648651598 431.3846648651598 0 0
49 328.8832632440593 328.8832632440593 0 0
50 36.07426538647337 36.07426538647337 0 1
51 94.71372995728943 94.71372995728943 0 1
52 35.07426538647337 35.07426538647337 0 1
53 395.81609319932477 395.81609319932477 0 1
54 613.5648203682797 613.5648203682797 0 1
55 202.12626585629081 202.12626585629081 0 0
56 236.00074539090141 236.00074539090141 0 1
57 434.42604613030886 434.42604613030886 0.11024292028110949 1
58 59.8439940344828 59.8439940344828 0 1
59 184.01413248687138 184.01413248687138 0.034808555529622254 1
60 579.9234287658819 579.9234287658819 0 0
61 499.41567278426135 499.41567278426135 0 0
62 285.0261992530725 285.0261992530725 0 1
63 182.56511036896865 182.56511036896865 0 1
64 447.6962864806885 447.6962864806885 0 1
65 267.0261992530725 267.0261992530725 0 1
66 76.6793115976396 76.6793115976396 0 0
67 112.17849964703342 112.17849964703342 0 0
68 451.7274153548378 451.7274153548378 0 0
69 119.54320016575345 119.54320016575345 0 0
70 577.9234287658819 577.9234287658819 0 1
71 422.76681632106045 422.76681632106045 0 1
72 540.0746542743251 540.0746542743251 0 1
73 178.73668324422246 178.73668324422246 0 1
74 245.81099506680806 245.81099506680806 0 1
75 470.29152898881404 470.29152898881404 0 1
76 150.28305919714876 150.28305919714876 0 1
77 11.090657814148534 11.090657814148534 0 0
78 347.68775705882416 347.68775705882416 0 1
79 113.88634591626106 113.88634591626106 0 1
80 515.9839582623208 515.9839582623208 0 0
81 602.071774546169 602.071774546169 0 0
82 426.06959195879244 426.06959195879244 0.14049797756359794 1
83 490.29152898881404 490.29152898881404 0 1
84 408.001993260827 408.001993260827 0.337042259706152 1
85 87.50262740636146 87.50262740636146 0 1
86 180.97275122172226 180.97275122172226 0 0
87 102.21372995728943 102.21372995728943 0 0
88 124.56813797631389 124.56813797631389 1.4622476027599447 1
89 389.97500373096295 389.97500373096295 0 0
90 523.807457422676 523.807457422676 0 0
91 165.28305919714876 165.28305919714876 0 1
92 143.1207815369804 143.1207815369804 0 1
93 582.7518558906281 582.7518558906281 0.8284271247462129 1
94 27.794155497192854 27.794155497192854 0 1
95 323.11494771543653 323.11494771543653 0 1
96 474.3226578629633 474.3226578629633 0 0
97 291.7940281887049 291.7940281887049 0.7678289356323944 1
98 147.24388716259804 147.24388716259804 0 0
99 288.6317505285365 288.6317505285365 0 0
