The sequence of nodes visited by the vehicle:
set vehicleNodes :=
0    15   8    44   80   11   6    67   75   27   53   39   26   72
36   48   76   78   34   10   58   74   35   82   79   22   60
4    30   31   21   1    65   17   57   70   23   32   40   94
63   9    25   29   84   85   92   64   28   46   2    5    33;

The sequence of nodes visited by the drone:
set dronedNodes :=
0    15   8    44   80   11   85   17   74   51   77   95   73   54   94
55   42   98   43   50   56   49   24   66   35   82   53   2    5    37
36   48   31   78   1    10   6    92   57   87   61   3    71   26   33
68   81   88   62   97   14   91   20   64   70   23   79   22   99   47
4    9    25   29   84   65   58   67   52   69   96   12   16   60   72
83   38   19   93   90   13   86   41   75   27   46   32   40   59   89;

The 3-tuple cycles in which the drone was involved:
set droneCycles := (17,18,17) (28,45,28) (60,7,60);

The node and associated arrival time, departure time, vehicle idle time, and assignment associated with that node:
0 570.3352826709573 570.3352826709573 0 1
1 150.45923191646716 150.45923191646716 0 1
2 446.0950180205977 446.0950180205977 0.03355372832061221 1
3 420.1248545429463 420.1248545429463 0 0
4 25.344729597280114 25.344729597280114 0 1
5 479.19559607424185 479.19559607424185 0 1
6 215.59502180801897 215.59502180801897 0 1
7 503.96051276738024 503.96051276738024 0 0
8 71.3207408463134 71.3207408463134 0 1
9 60.880434337402846 60.880434337402846 0 1
10 176.99317146911528 176.99317146911528 0 1
11 163.06478319193116 163.06478319193116 0.3944487245360051 1
12 431.12282428311266 431.12282428311266 0 0
13 193.13453007776053 193.13453007776053 0 0
14 182.01810927967574 182.01810927967574 0 0
15 35.96050270314402 35.96050270314402 0 1
16 464.6128335439436 464.6128335439436 0 0
17 241.66924597416246 243.08345953653557 1.4142135623730951 1
18 242.37635275534902 242.37635275534902 0 0
19 94.70256296377467 94.70256296377467 0 0
20 254.99558639739573 254.99558639739573 0 0
21 118.45951970404482 118.45951970404482 0 1
22 463.1128335439436 463.1128335439436 1.9821466757277335 1
23 374.05319561543797 374.05319561543797 0 1
24 246.24573719670394 246.24573719670394 0 0
25 89.70256296377467 89.70256296377467 0 1
26 483.19559607424185 483.19559607424185 0 1
27 347.5983829400339 347.5983829400339 0 1
28 341.5983829400339 343.5983829400339 2 1
29 136.8986086186306 136.8986086186306 0 1
30 50.063780511010876 50.063780511010876 0 1
31 83.70256296377467 83.70256296377467 0 1
32 436.212606490481 436.212606490481 0 1
33 537.1191061794514 537.1191061794514 0 1
34 144.1346765961304 144.1346765961304 0 1
35 329.16427593534854 329.16427593534854 0 1
36 10.311433218907204 10.311433218907204 0 1
37 526.5062551861148 526.5062551861148 0 0
38 67.24439536808177 67.24439536808177 0 0
39 447.0950180205977 447.0950180205977 0 1
40 469.19559607424185 469.19559607424185 0 1
41 258.1578640575641 258.1578640575641 0 0
42 42.063780511010876 42.063780511010876 0 0
43 101.52147407802026 101.52147407802026 0 0
44 100.40344008927036 100.40344008927036 1.2140441449905524 1
45 342.5983829400339 342.5983829400339 0 0
46 384.34882575642496 384.34882575642496 0 1
47 538.5333197418245 538.5333197418245 0 0
48 46.063780511010876 46.063780511010876 0.053402186745962865 1
49 207.55532081110135 207.55532081110135 0 0
50 147.91940590802673 147.91940590802673 0 0
51 317.7827892690738 317.7827892690738 0 0
52 296.18472539451307 296.18472539451307 0 0
53 412.5090814370824 412.5090814370824 0 1
54 472.8356510188821 472.8356510188821 0 0
55 4.699283517034792 4.699283517034792 0 0
56 167.30742387905045 167.30742387905045 0 0
57 278.2404534845139 278.2404534845139 0 1
58 229.503720913566 229.503720913566 0.9086991055470435 1
59 509.6062393251989 509.6062393251989 0 0
60 502.8424787786303 505.07854675613015 2.23606797749979 1
61 366.33766487593493 366.33766487593493 0 0
62 112.49134915013386 112.49134915013386 0 0
63 32.96050270314402 32.96050270314402 0 1
64 287.18472539451307 287.18472539451307 0 1
65 191.55339124767633 191.55339124767633 0 1
66 270.22915291952796 270.22915291952796 0 0
67 256.5767252274799 256.5767252274799 0.1506156080337746 1
68 17.59154310818772 17.59154310818772 0 0
69 342.5245926227025 342.5245926227025 0 0
70 339.36231496253413 339.36231496253413 0 1
71 451.0194469214958 451.0194469214958 0 0
72 549.9253546543171 549.9253546543171 0 1
73 443.5950180205977 443.5950180205977 0 0
74 264.6389829757785 264.6389829757785 0 1
75 311.7000267387756 311.7000267387756 0 1
76 74.48301850648178 74.48301850648178 0 1
77 351.72148856565155 351.72148856565155 0 0
78 108.01921319513427 108.01921319513427 0 1
79 429.001503939553 429.001503939553 0 1
80 141.8986086186306 141.8986086186306 0 1
81 53.081614934819974 53.081614934819974 0 0
82 360.6367877504392 360.6367877504392 0 1
83 31.3862525840774 31.3862525840774 0 0
84 155.45923191646716 155.45923191646716 0 1
85 200.0386726219149 200.0386726219149 0 1
86 235.35607086892583 235.35607086892583 0 0
87 333.46543856886984 333.46543856886984 0 0
88 84.70256296377467 84.70256296377467 0 0
89 553.530905929781 553.530905929781 0 0
90 159.06478319193116 159.06478319193116 0 0
91 223.67276901872071 223.67276901872071 0 0
92 252.30300399382847 252.30300399382847 0 1
93 138.3986086186306 138.3986086186306 0 0
94 518.6800172648656 518.6800172648656 0 1
95 385.4668597451749 385.4668597451749 0 0
96 375.05319561543797 375.05319561543797 0 0
97 151.45923191646716 151.45923191646716 0 0
98 76.63581375268072 76.63581375268072 0 0
99 489.5987203116747 489.5987203116747 0 0
