The sequence of nodes visited by the vehicle:
set vehicleNodes :=
0    17   34   36   10   38   48   28   16   15   7    39   18   35   19
27   32   37   8    9    40   1    29   47   21   43   14   3    2;

The sequence of nodes visited by the drone:
set dronedNodes :=
0    44   34   24   9    45   28   49   47   31   14   4    2    33
23   17   41   10   22   1    46   16   11   39   5    3    42
27   30   36   13   38   26   29   6    21   20   18   12   19;

The 3-tuple cycles in which the drone was involved:
set droneCycles := (15,25,15);

The node and associated arrival time, departure time, vehicle idle time, and assignment associated with that node:
0 388.4821781489149 388.4821781489149 0 1
1 174.64840580562534 174.64840580562534 0 1
2 347.32324991847617 347.32324991847617 0 1
3 322.0054288551998 322.0054288551998 1.2670571189840416 1
4 315.9846315658036 315.9846315658036 0 0
5 299.4350622443188 299.4350622443188 0 0
6 216.2349865894564 216.2349865894564 0 0
7 269.0364748845231 269.0364748845231 0 1
8 105.17896492763364 105.17896492763364 0 1
9 133.61749803416393 133.61749803416393 0.5460201775923679 1
10 116.04209149064515 116.04209149064515 3.583016673730981 1
11 238.87253530587287 238.87253530587287 0 0
12 333.28594302787826 333.28594302787826 0 0
13 125.55524028586537 125.55524028586537 0 0
14 292.91585983911614 292.91585983911614 0 1
15 232.41483690777457 245.41483690777457 13 1
16 208.32929243903547 208.32929243903547 0.0263033008750142 1
17 36.180475414202405 36.180475414202405 0 1
18 304.58287731481227 304.58287731481227 4.4559149247681376 1
19 354.58975024130086 354.58975024130086 0.5582963903253244 1
20 282.6756670994557 282.6756670994557 0 0
21 253.22508658368122 253.22508658368122 0 1
22 137.15303194009667 137.15303194009667 0 0
23 12.972841923014336 12.972841923014336 0 0
24 107.79588023940983 107.79588023940983 0 0
25 238.91483690777457 238.91483690777457 0 0
26 178.67953467977463 178.67953467977463 0 0
27 21.180475414202405 21.180475414202405 0 1
28 183.86795026291824 183.86795026291824 0 1
29 199.75898539284293 199.75898539284293 1.6783647263727914 1
30 61.185474914302375 61.185474914302375 0 0
31 262.41747473910635 262.41747473910635 0 0
32 56.280226656444185 56.280226656444185 0 1
33 362.86622291992427 362.86622291992427 0 0
34 76.52868338776076 76.52868338776076 0 1
35 333.0054288551998 333.0054288551998 0 1
36 103.76475136526055 103.76475136526055 0 1
37 78.76475136526055 78.76475136526055 0 1
38 150.73474080278763 150.73474080278763 0 1
39 276.2725428620229 276.2725428620229 0 1
40 157.13786504022048 157.13786504022048 0 1
41 89.73852820138367 89.73852820138367 0 0
42 349.87275967527256 349.87275967527256 0 0
43 274.0364748845231 274.0364748845231 0 1
44 27.011427309047704 27.011427309047704 0 0
45 162.39664459247822 162.39664459247822 0 0
46 191.02686079455643 191.02686079455643 0 0
47 222.36496128665368 222.36496128665368 0 1
48 170.17626985062577 170.17626985062577 0 1
49 202.30849514963933 202.30849514963933 0 0
