The sequence of nodes visited by the vehicle:
set vehicleNodes :=
0    36   34   4    48   42   49   26   10   22   39   46   7    15
14   16   30   2    9    19   20   13   45   40   8    17   24;

The sequence of nodes visited by the drone:
set dronedNodes :=
0    31   16   28   4    37   9    32   49   21   10   43   8    47   7    1
25   36   41   30   35   48   5    19   29   13   27   39   3    17   44
14   23   34   38   2    12   42   11   20   6    40   18   46   33   15;

The 3-tuple cycles in which the drone was involved:
set droneCycles := ; # empty

The node and associated arrival time, departure time, vehicle idle time, and assignment associated with that node:
0 397.5473409287721 397.5473409287721 0 1
1 377.87350322242065 377.87350322242065 0 0
2 143.2673662863504 143.2673662863504 0 1
3 310.1148614795128 310.1148614795128 0 0
4 132.97173614536342 132.97173614536342 0 1
5 167.13008395897478 167.13008395897478 0 0
6 237.0779270954632 237.0779270954632 0 0
7 340.8515202494948 340.8515202494948 0 1
8 304.28390958466747 304.28390958466747 0.43817853198498824 1
9 164.58057420217838 164.58057420217838 0 1
10 252.3382187209325 252.3382187209325 0 1
11 195.74392951959686 195.74392951959686 0 0
12 163.08057420217838 163.08057420217838 0 0
13 231.0779270954632 231.0779270954632 0 1
14 39.34141773377356 39.34141773377356 0 1
15 366.89625402237056 366.89625402237056 0 1
16 69.53523398364297 69.53523398364297 0 1
17 334.52696492915805 334.52696492915805 0 1
18 298.96883667830014 298.96883667830014 0 0
19 182.32752165459812 182.32752165459812 0 1
20 218.9845583558293 218.9845583558293 6.284084884233806 1
21 224.64141260532168 224.64141260532168 0 0
22 271.1106598352183 271.1106598352183 0 1
23 61.73222777141228 61.73222777141228 0 0
24 359.8251862105051 359.8251862105051 0 1
25 4.55544206755508 4.55544206755508 0 0
26 225.69276228832868 225.69276228832868 0 1
27 271.3382187209325 271.3382187209325 0 0
28 98.56322808866557 98.56322808866557 0 0
29 210.4698651728661 210.4698651728661 0 0
30 109.95000727892075 109.95000727892075 0 1
31 43.86911030284227 43.86911030284227 0 0
32 177.39242988844438 177.39242988844438 0 0
33 339.02696492915805 339.02696492915805 0 0
34 88.85498416919177 88.85498416919177 1.2919938082288525 1
35 138.07075565895622 138.07075565895622 0 0
36 51.42446370736813 51.42446370736813 0 1
37 147.9843568523787 147.9843568523787 0 0
38 117.76025695482741 117.76025695482741 0 0
39 294.8457310526825 294.8457310526825 0 1
40 279.7129851022609 279.7129851022609 0 1
41 77.67464428169282 77.67464428169282 0 0
42 170.66561786490752 170.66561786490752 0.08504366272913444 1
43 287.32875820812484 287.32875820812484 0 0
44 349.7115428228295 349.7115428228295 0 0
45 258.74134295836535 258.74134295836535 0 1
46 321.48856011875273 321.48856011875273 0 1
47 326.48856011875273 326.48856011875273 0 0
48 162.58057420217838 162.58057420217838 0 1
49 205.08470036573158 205.08470036573158 2.8323198659621767 1
