The sequence of nodes visited by the vehicle:
set vehicleNodes :=
0    52   68   28   17   85   37   4    70   69   98   53   66   23   55
5    51   79   56   24   18   35   15   77   78   62   93   82   25
89   95   57   20   99   96   44   16   72   84   7    90   58   10
41   26   81   92   8    46   97   61   36   40   73   42   19   9;

The sequence of nodes visited by the drone:
set dronedNodes :=
0    52   26   81   17   85   37   50   71   33   80   21   66   25   55
75   48   47   94   91   29   39   16   77   78   98   53   3    2    87
89   51   68   56   24   18   35   76   88   60   1    13   58   10
38   11   30   22   83   54   44   61   36   84   62   90   6    43
41   95   79   92   8    46   32   64   67   12   86   42   19   9
45   59   31   65   74   14   97   70   69   40   7    49   27   34;

The 3-tuple cycles in which the drone was involved:
set droneCycles := (23,63,23);

The node and associated arrival time, departure time, vehicle idle time, and assignment associated with that node:
0 587.4549893033104 587.4549893033104 0 1
1 429.9225331544396 429.9225331544396 0 0
2 541.2749107580995 541.2749107580995 0 0
3 500.36156759878554 500.36156759878554 0 0
4 286.36787759938534 286.36787759938534 0 1
5 14.557404771988969 14.557404771988969 0 1
6 518.8423177305704 518.8423177305704 0 0
7 448.9835039425675 448.9835039425675 0 1
8 205.78015835952453 205.78015835952453 0 1
9 564.1737279395481 564.1737279395481 0 1
10 544.0739766973063 544.0739766973063 0 1
11 62.9032579838066 62.9032579838066 0 0
12 410.5355036694028 410.5355036694028 0 0
13 471.64261142027027 471.64261142027027 0 0
14 242.65361958792366 242.65361958792366 0 0
15 295.3121495093845 295.3121495093845 0 1
16 309.2405377865686 309.2405377865686 0 1
17 182.70221654011743 182.70221654011743 0 1
18 231.14947523637753 231.14947523637753 0 1
19 524.6454456108835 524.6454456108835 0 1
20 160.87377303070164 160.87377303070164 0 1
21 456.4835039425675 456.4835039425675 0 0
22 165.48954613656554 165.48954613656554 0 0
23 526.0596591732566 528.8880862980028 2.8284271247461903 1
24 190.76447428841598 190.76447428841598 0 1
25 537.0029088854408 537.0029088854408 2.1148225874379705 1
26 96.80411636748133 96.80411636748133 0 1
27 529.5698745117816 529.5698745117816 0 0
28 150.80270521883617 150.80270521883617 0 1
29 224.95021049074523 224.95021049074523 0 0
30 122.98222333509014 122.98222333509014 0 0
31 138.2220917539326 138.2220917539326 0 0
32 268.51607239411885 268.51607239411885 0 0
33 392.23607237626516 392.23607237626516 0 0
34 570.6737279395481 570.6737279395481 0 0
35 260.44905252177375 260.44905252177375 0 1
36 368.51037350187147 368.51037350187147 0 1
37 246.23638211822188 246.23638211822188 0 1
38 20.05740477198897 20.05740477198897 0 0
39 252.56093743855865 252.56093743855865 0 0
40 415.27162086178834 415.27162086178834 0 1
41 30.595809582394267 30.595809582394267 0 1
42 485.4346870114062 485.4346870114062 0 1
43 551.0201986920312 551.0201986920312 0 0
44 262.6851204992735 262.6851204992735 0 1
45 33.79737170111069 33.79737170111069 0 0
46 240.15361958792366 240.15361958792366 2.173192456700832 1
47 98.30411636748133 98.30411636748133 0 0
48 49.59580958239427 49.59580958239427 0 0
49 488.6362491301226 488.6362491301226 0 0
50 291.4585662890527 291.4585662890527 0 0
51 54.99756383338565 54.99756383338565 0 1
52 43.59580958239427 43.59580958239427 0 1
53 463.8323617443636 463.8323617443636 0 1
54 235.05460007433086 235.05460007433086 0 0
55 579.1737279395481 579.1737279395481 0 1
56 157.87377303070164 157.87377303070164 0 1
57 146.19715394337217 146.19715394337217 0 1
58 510.3276245476072 510.3276245476072 0 1
59 88.557905116246 88.557905116246 0 0
60 401.1733968234157 401.1733968234157 0 0
61 318.2405377865686 318.2405377865686 0 1
62 437.93814292538025 437.93814292538025 0.44082115890569185 1
63 527.4738727356297 527.4738727356297 0 0
64 322.27166666071787 322.27166666071787 0 0
65 173.514483947126 173.514483947126 0 0
66 494.0370122784488 494.0370122784488 0 1
67 370.74644147937124 370.74644147937124 0 0
68 111.93686231790288 111.93686231790288 0 1
69 382.1118440106069 382.1118440106069 0 1
70 328.0893955883647 328.0893955883647 0 1
71 341.0893955883647 341.0893955883647 0 0
72 357.1086192508801 357.1086192508801 0 1
73 453.9835039425675 453.9835039425675 0 1
74 209.13426032577422 209.13426032577422 0 0
75 6.382013878552745 6.382013878552745 0 0
76 315.2405377865686 315.2405377865686 0 0
77 354.1086192508801 354.1086192508801 0 1
78 399.1118440106069 399.1118440106069 0 1
79 133.19715394337217 133.19715394337217 0 1
80 422.4305313934265 422.4305313934265 0 0
81 149.80270521883617 149.80270521883617 0 1
82 503.2565567357417 503.2565567357417 0 1
83 196.78527157781213 196.78527157781213 0 0
84 406.7276171164708 406.7276171164708 0 1
85 218.14947523637753 218.14947523637753 0 1
86 441.5781978700205 441.5781978700205 0 0
87 582.0021550642944 582.0021550642944 0 0
88 360.19138178117834 360.19138178117834 0 0
89 17.55740477198897 17.55740477198897 0 1
90 484.4346870114062 484.4346870114062 0 1
91 186.8253221657351 186.8253221657351 0 0
92 168.48954613656554 168.48954613656554 0 1
93 472.4346870114062 472.4346870114062 0 1
94 152.30270521883617 152.30270521883617 0 0
95 76.18858823939303 76.18858823939303 0.31041138818628156 1
96 232.14947523637753 232.14947523637753 0 1
97 278.3056198510868 278.3056198510868 0 1
98 426.3169818789756 426.3169818789756 0 1
99 192.1786878507891 192.1786878507891 0 1
