The sequence of nodes visited by the vehicle:
set vehicleNodes :=
0    4    49   36   40   16   19   43   46   56   6    61   54   18
72   82   64   66   96   93   22   33   97   85   99   39   76   12
87   69   42   13   77   2    92   41   73   8    55   20   83   48
60   70   67   57   37   80   90   58   29   35   27   3    53;

The sequence of nodes visited by the drone:
set dronedNodes :=
0    4    70   67   57   77   93   19   33   46   85   6    91   74   53
11   38   14   98   23   32   51   34   59   24   89   44   61   54   63
87   82   64   66   40   37   2    22   41   73   8    99   10   45   18
52   65   75   68   47   31   7    50   21   17   62   55   20   76   30
60   69   42   13   96   16   80   43   58   29   35   25   9    83   12
26   78   1    88   81   5    15   79   28   95   84   27   3    86   94;

The 3-tuple cycles in which the drone was involved:
set droneCycles := (37,71,37);

The node and associated arrival time, departure time, vehicle idle time, and assignment associated with that node:
0 632.8401521607311 632.8401521607311 0 1
1 97.61101723669616 97.61101723669616 0 0
2 237.47959623632823 237.47959623632823 0.24535011623029845 1
3 501.59415433151355 501.59415433151355 0 1
4 42.79680887126356 42.79680887126356 0.12398494016459694 1
5 221.6596585767579 221.6596585767579 0 0
6 416.660970898627 416.660970898627 0 1
7 240.83369820257792 240.83369820257792 0 0
8 386.636059848949 386.636059848949 0 1
9 496.3626081197857 496.3626081197857 0 0
10 474.87353420627176 474.87353420627176 0 0
11 4.321975215313971 4.321975215313971 0 0
12 566.4440781862742 566.4440781862742 0 1
13 126.7507966551672 126.7507966551672 0 1
14 81.83094551387885 81.83094551387885 0 0
15 247.97959623632823 247.97959623632823 0 0
16 215.14045617155523 215.14045617155523 0 1
17 358.040792793453 358.040792793453 0 0
18 555.4440781862742 555.4440781862742 0 1
19 267.71845516457614 267.71845516457614 0 1
20 486.3626081197857 486.3626081197857 0 1
21 323.50565063599134 323.50565063599134 0 0
22 285.4102611775303 285.4102611775303 0 1
23 143.52100140100544 143.52100140100544 0 0
24 340.90795244849517 340.90795244849517 0 0
25 435.11735463261095 435.11735463261095 0 0
26 37.69778935767077 37.69778935767077 0 0
27 446.08107372963764 446.08107372963764 0 1
28 327.7870927740403 327.7870927740403 0 0
29 366.17067786321763 366.17067786321763 0 1
30 561.5268407165723 561.5268407165723 0 0
31 193.33462465448912 193.33462465448912 0 0
32 173.2758683284918 173.2758683284918 0 0
33 311.95614087919495 311.95614087919495 0 1
34 276.3497934153922 276.3497934153922 0 0
35 396.4372224824703 396.4372224824703 0.5816181762284032 1
36 104.11101723669616 104.11101723669616 0 1
37 183.77600327017728 184.77600327017728 1 1
38 45.99837098997998 45.99837098997998 0 0
39 469.15795758570044 469.15795758570044 0 1
40 146.02100140100544 146.02100140100544 1.4926731929963069 1
41 320.95614087919495 320.95614087919495 0 1
42 95.11101723669616 95.11101723669616 0 1
43 305.6315855588582 305.6315855588582 0 1
44 418.78229124218666 418.78229124218666 0 0
45 513.082596946515 513.082596946515 0 0
46 336.6359505758364 336.6359505758364 0 1
47 151.61117134475492 151.61117134475492 0 0
48 591.9391757542381 591.9391757542381 0 1
49 81.56701349137863 81.56701349137863 0 1
50 290.0200334061767 290.0200334061767 0 0
51 234.97959623632823 234.97959623632823 0 0
52 30.092046035439683 30.092046035439683 0 0
53 546.8417529192316 546.8417529192316 0 1
54 506.97931913864807 506.97931913864807 0 1
55 431.76325266636127 431.76325266636127 0 1
56 372.17067786321763 372.17067786321763 0 1
57 137.82012427550976 137.82012427550976 1.0194519992216726 1
58 326.7870927740403 326.7870927740403 0 1
59 314.0176936920038 314.0176936920038 0 0
60 35.461721380170985 35.461721380170985 0 1
61 466.32953046095423 466.32953046095423 0 1
62 392.136059848949 392.136059848949 0 0
63 550.1958548854813 550.1958548854813 0 0
64 86.56701349137863 86.56701349137863 0 1
65 60.720937486558626 60.720937486558626 0 0
66 113.5978502172013 113.5978502172013 0 1
67 103.11101723669616 103.11101723669616 0 1
68 120.70418541897725 120.70418541897725 0 0
69 67.24789954028427 67.24789954028427 0 1
70 79.33094551387885 79.33094551387885 0 1
71 184.27600327017728 184.27600327017728 0 0
72 8.190090919573887 8.190090919573887 0 1
73 355.1253168460304 355.1253168460304 0 1
74 504.63553559666263 504.63553559666263 0 0
75 90.37490004431058 90.37490004431058 0 0
76 519.0623651122427 519.0623651122427 0 1
77 169.74033442255907 169.74033442255907 0 1
78 73.10024949564408 73.10024949564408 0 0
79 306.33869234004476 306.33869234004476 0 0
80 242.47959623632823 242.47959623632823 0 1
81 158.63886391382363 158.63886391382363 0 0
82 58.028355082991375 58.028355082991375 0 1
83 538.297749173914 538.297749173914 0 1
84 403.5082902943358 403.5082902943358 0 0
85 380.23293561151615 380.23293561151615 0 1
86 540.100524811646 540.100524811646 0 0
87 27.399463631872433 27.399463631872433 0 1
88 133.6970186498921 133.6970186498921 0 0
89 382.9255180150834 382.9255180150834 0 0
90 298.0158124529943 298.0158124529943 0 1
91 451.1060115401981 451.1060115401981 0 0
92 289.0158124529943 289.0158124529943 0 1
93 228.17886098196053 228.17886098196053 0 1
94 594.661980305319 594.661980305319 0 0
95 371.3908311176729 371.3908311176729 0 0
96 156.13886391382363 156.13886391382363 0.26900471102209167 1
97 345.6913357139738 345.6913357139738 0 1
98 110.2173524384721 110.2173524384721 0 0
99 427.29111671136167 427.29111671136167 0 1
