The sequence of nodes visited by the vehicle:
set vehicleNodes :=
0    4    89   79   16   48   64   99   83   20   31   44   75   42   86
97   38   45   14   50   19   94   98   54   57   49   66   74   41   52
68   6    2    69   73   13   51   35   72   3    36   21   58   22   81
87   7    30   90   96   70   26   33   53   5    24   60   88   95;

The sequence of nodes visited by the drone:
set dronedNodes :=
0    4    30   29   56   28   12   72   5    36   66   58   41   52
43   27   65   73   70   26   35   39   25   82   1    18   46   77
97   38   14   85   67   71   55   53   31   24   21   88   95   81
11   78   80   96   64   99   33   84   61   91   8    17   10   92
87   45   69   62   9    40   83   57   49   44   74   42   86
37   23   90   13   51   98   15   76   32   63   93   47   59;

The 3-tuple cycles in which the drone was involved:
set droneCycles := (48,34,48);

The node and associated arrival time, departure time, vehicle idle time, and assignment associated with that node:
0 559.1049840232062 559.1049840232062 0 1
1 393.211567280505 393.211567280505 0 0
2 82.08313713398724 82.08313713398724 0 1
3 298.13482538128466 298.13482538128466 0 1
4 42.104137474018 42.104137474018 0 1
5 305.55110398641057 305.55110398641057 1.3335160748276849 1
6 53.77194649778054 53.77194649778054 0 1
7 56.77194649778054 56.77194649778054 0 1
8 411.61774284223077 411.61774284223077 0 0
9 177.8354061839883 177.8354061839883 0 0
10 501.0819906901932 501.0819906901932 0 0
11 29.84719021716416 29.84719021716416 0 0
12 217.70740713772 217.70740713772 0 0
13 153.57704483870435 153.57704483870435 0 1
14 102.0323338522815 102.0323338522815 0 1
15 254.52208562536498 254.52208562536498 0 0
16 116.09459160058005 116.09459160058005 0 1
17 452.53634467368175 452.53634467368175 0 0
18 440.6609049259693 440.6609049259693 0 0
19 149.97149356324036 149.97149356324036 0 1
20 278.595126153387 278.595126153387 0 1
21 398.80173722425445 398.80173722425445 0.8067176843312609 1
22 493.2510387953479 493.2510387953479 0 1
23 79.86024998702112 79.86024998702112 0 0
24 351.15183504983605 351.15183504983605 0 1
25 312.05110398641057 312.05110398641057 0 0
26 189.73115789721842 189.73115789721842 0 1
27 45.145518739167116 45.145518739167116 0 0
28 187.40660257688165 187.40660257688165 0 0
29 120.48873871460802 120.48873871460802 0 0
30 87.46830194112174 87.46830194112174 0 1
31 326.2813534571683 326.2813534571683 0.21196494207453043 1
32 339.555505325415 339.555505325415 0 0
33 234.94102181030271 234.94102181030271 0 1
34 140.3280969848576 140.3280969848576 0 0
35 219.2885459678042 219.2885459678042 0.10814852843242306 1
36 344.4436311173367 344.4436311173367 0 1
37 38.196567406374086 38.196567406374086 0 0
38 50.16639522231655 50.16639522231655 0 1
39 266.62774356713516 266.62774356713516 0 0
40 201.224939564014 201.224939564014 0 0
41 479.79741474827415 479.79741474827415 0 1
42 466.19594423953873 466.19594423953873 0 1
43 9.42456952542155 9.42456952542155 0 0
44 362.8565349605557 362.8565349605557 0 1
45 76.69797232685274 76.69797232685274 0 1
46 485.3875846920236 485.3875846920236 0 0
47 468.74545399633513 468.74545399633513 0 0
48 138.7469581547734 141.9092358149418 3.1622776601683795 1
49 329.4436311173367 329.4436311173367 0 1
50 124.34080285181537 124.34080285181537 0 1
51 183.40660257688165 183.40660257688165 0 1
52 512.0232550616391 512.0232550616391 0 1
53 270.5328684050885 270.5328684050885 2.946506103102422 1
54 248.72029355466756 248.72029355466756 0 1
55 227.19424011822514 227.19424011822514 0 0
56 162.09173802166757 162.09173802166757 0 0
57 282.8377668405063 282.8377668405063 0 1
58 433.69671078737724 433.69671078737724 0 1
59 509.4812882661056 509.4812882661056 0 0
60 407.345740969572 407.345740969572 0 1
61 326.98846023835483 326.98846023835483 0 0
62 139.75363755360968 139.75363755360968 0 0
63 366.0188126207241 366.0188126207241 0 0
64 173.80427730983902 173.80427730983902 1.650281539872907 1
65 93.7928572614585 93.7928572614585 0 0
66 387.5547130310126 387.5547130310126 0 1
67 172.39006374746592 172.39006374746592 0 0
68 29.129077216431817 29.129077216431817 0 1
69 110.09459160058005 110.09459160058005 0 1
70 170.15399576996612 170.15399576996612 0.765562630419879 1
71 191.96722587471822 191.96722587471822 0 0
72 263.58636230198607 263.58636230198607 0 1
73 126.57687082931515 126.57687082931515 0 1
74 418.5639648369557 418.5639648369557 2.218223867383699 1
75 410.345740969572 410.345740969572 0 1
76 299.03190158120793 299.03190158120793 0 0
77 518.8239903160069 518.8239903160069 0 0
78 58.89851982060304 58.89851982060304 0 0
79 90.63057960129012 90.63057960129012 0 1
80 103.61347268236568 103.61347268236568 0 0
81 522.2212940888247 522.2212940888247 0 1
82 345.8578446797098 345.8578446797098 0 0
83 242.0120896221682 242.0120896221682 0 1
84 276.12303834883795 276.12303834883795 0 0
85 128.81293880681494 128.81293880681494 0 0
86 507.9001494360214 507.9001494360214 0 1
87 33.048752335880586 33.048752335880586 2.919675119448769 1
88 443.99234092836423 443.99234092836423 0 1
89 63.0965018181173 63.0965018181173 0 1
90 111.09459160058005 111.09459160058005 0 1
91 357.2345975801343 357.2345975801343 0 0
92 532.2212940888247 532.2212940888247 0 0
93 425.29077686049254 425.29077686049254 0 0
94 182.40660257688165 182.40660257688165 0 1
95 495.2510387953479 495.2510387953479 0 1
96 131.67589034290793 131.67589034290793 0 1
97 23.743912409297312 23.743912409297312 0 1
98 213.09763490907355 213.09763490907355 0 1
99 198.6754298072176 198.6754298072176 0 1
