The sequence of nodes visited by the vehicle:
set vehicleNodes :=
0    98   82   16   93   12   53   65   40   66   74   3    95   87
56   57   13   8    14   73   24   19   31   43   47   69   89   38
6    91   68   58   85   96   44   94   81   99   21   41   26   54
46   72   27   10   29   25   60   36   71   76   33   63   80   92;

The sequence of nodes visited by the drone:
set dronedNodes :=
0    46   28   88   9    85   73   44   19   31   76   21   41   26   90
51   98   82   27   10   78   23   18   79   97   30   64   75   11   54
56   49   52   70   67   29   96   60   36   66   74   3    63   80   32
7    57   13   8    93   42   37   61   22   17   35   1    84   50   92
6    2    20   48   14   12   25   65   40   43   47   69   89   87   86
59   91   68   58   62   45   34   55   77   5    83   4    39   38;

The 3-tuple cycles in which the drone was involved:
set droneCycles := (44,15,44);

The node and associated arrival time, departure time, vehicle idle time, and assignment associated with that node:
0 533.652859364123 533.652859364123 0 1
1 399.55010524023413 399.55010524023413 0 0
2 50.921648201429825 50.921648201429825 0 0
3 398.4320712514842 398.4320712514842 0 1
4 407.25662657182096 407.25662657182096 0 0
5 342.7837852429603 342.7837852429603 0 0
6 26.352946037754528 26.352946037754528 0 1
7 18.459281239530473 18.459281239530473 0 0
8 107.66332793996544 107.66332793996544 0.24720053254388574 1
9 129.93980061858886 129.93980061858886 0 0
10 136.22354771852648 136.22354771852648 0 1
11 456.23151059735653 456.23151059735653 0 0
12 184.9270709004647 184.9270709004647 0.2830094339716993 1
13 84.2181905288038 84.2181905288038 0 1
14 155.35823607973748 155.35823607973748 0 1
15 218.94876830899105 218.94876830899105 0 0
16 105.41612740742156 105.41612740742156 0 1
17 323.4460517243465 323.4460517243465 0 0
18 232.95802439509734 232.95802439509734 0 0
19 264.7026639276183 264.7026639276183 0 1
20 86.91077293237106 86.91077293237106 0 0
21 391.14668796569816 391.14668796569816 0 1
22 278.0409285911328 278.0409285911328 0 0
23 195.54039967091742 195.54039967091742 0 0
24 211.74056437649168 211.74056437649168 0 1
25 204.94118600698405 204.94118600698405 0.708203932499373 1
26 450.37916064199675 450.37916064199675 0 1
27 96.87212366210403 96.87212366210403 0.3438110687794733 1
28 69.32168196068868 69.32168196068868 0 0
29 175.2100803344364 175.2100803344364 0 1
30 366.73778855619787 366.73778855619787 0 0
31 302.44443934448304 302.44443934448304 0 1
32 519.4646261890537 519.4646261890537 0 0
33 394.30896562586656 394.30896562586656 0 1
34 211.26574132732082 211.26574132732082 0 0
35 377.3927053259487 377.3927053259487 0 0
36 274.00979971698354 274.00979971698354 0 1
37 201.58708404073437 201.58708404073437 0 0
38 490.54523008330113 490.54523008330113 0 1
39 443.74589297640046 443.74589297640046 0 0
40 284.6399455297182 284.6399455297182 0 1
41 415.1969330807315 415.1969330807315 0 1
42 180.2100803344364 180.2100803344364 0 0
43 325.86486092727165 325.86486092727165 0 1
44 218.44876830899105 219.44876830899105 1 1
45 186.5082097305489 186.5082097305489 0 0
46 33.061149970253894 33.061149970253894 0 1
47 381.29783016390206 381.29783016390206 0.486263668037509 1
48 112.19102050903415 112.19102050903415 0 0
49 41.514271450096366 41.514271450096366 0 0
50 472.3996097639622 472.3996097639622 0 0
51 6.478369036298424 6.478369036298424 0 0
52 75.92529730999036 75.92529730999036 0 0
53 210.32635081411857 210.32635081411857 0 1
54 517.2285582115538 517.2285582115538 0 1
55 261.61074197297893 261.61074197297893 0 0
56 11.352946037754526 11.352946037754526 0 1
57 49.34050937134563 49.34050937134563 0 1
58 121.66332793996544 121.66332793996544 0 1
59 29.958497313218516 29.958497313218516 0 0
60 238.55374148353386 238.55374148353386 0 1
61 250.21564527322445 250.21564527322445 0 0
62 158.71233804598717 158.71233804598717 0 0
63 422.81270618659545 422.81270618659545 0 1
64 394.75223924116216 394.75223924116216 0 0
65 255.75839201761912 255.75839201761912 0 1
66 316.64531646997875 316.64531646997875 0.3724500007494953 1
67 142.40820615695296 142.40820615695296 0 0
68 91.42929307973178 91.42929307973178 0 1
69 404.75662657182096 404.75662657182096 0 1
70 101.1441255347628 101.1441255347628 0 0
71 313.44443934448304 313.44443934448304 0 1
72 71.09508490318615 71.09508490318615 0 1
73 191.6352748329641 191.6352748329641 0 1
74 375.81156649586455 375.81156649586455 0 1
75 417.4330010582313 417.4330010582313 0 0
76 362.21009598712914 362.21009598712914 0 1
77 290.6814685165155 290.6814685165155 0 0
78 170.6013927772462 170.6013927772462 0 0
79 269.44608041787086 269.44608041787086 0 0
80 469.48413381653955 469.48413381653955 0 1
81 303.44443934448304 303.44443934448304 0 1
82 75.2181905288038 75.2181905288038 0 1
83 384.79783016390206 384.79783016390206 0 0
84 431.0133159200238 431.0133159200238 0 0
85 167.39983065852977 167.39983065852977 0 1
86 528.7285582115538 528.7285582115538 0 0
87 489.13101652092803 489.13101652092803 0 1
88 95.06934802437203 95.06934802437203 0 0
89 438.33756606320446 438.33756606320446 0 1
90 493.74679220201756 493.74679220201756 0 0
91 61.04520928206526 61.04520928206526 0 1
92 527.2285582115538 527.2285582115538 0 1
93 150.2592165661447 150.2592165661447 0 1
94 266.93873190511806 266.93873190511806 0 1
95 426.9358118122131 426.9358118122131 0 1
96 198.23298207448468 198.23298207448468 2.5977072415205953 1
97 310.94443934448304 310.94443934448304 0 0
98 38.16016948384668 38.16016948384668 0 1
99 349.21009598712914 349.21009598712914 0 1
