The sequence of nodes visited by the vehicle:
set vehicleNodes :=
0    38   30   16   48   94   35   91   31   5    92   74   47
97   7    65   73   19   98   12   24   53   76   66   93   46
68   23   80   96   70   26   33   36   39   78   21   58   77
4    2    90   34   64   28   83   49   57   10   75   42   52;

The sequence of nodes visited by the drone:
set dronedNodes :=
0    38   30   16   48   9    28   83   32   39   25   1    88   46
97   6    79   50   13   94   40   63   49   15   78   21   58   81
87   7    65   73   19   51   35   91   61   57   10   75   18   77
68   89   14   85   56   98   12   44   31   84   95   60   42   59
11   23   80   96   70   99   55   24   20   5    92   74   17   52
4    45   69   29   67   26   33   82   53   3    22   8    47   43
27   2    90   34   64   71   54   36   72   76   66   93   41;

The 3-tuple cycles in which the drone was involved:
set droneCycles := (4,37,4) (34,62,34) (52,86,52);

The node and associated arrival time, departure time, vehicle idle time, and assignment associated with that node:
0 647.5683779273793 647.5683779273793 0 1
1 480.87946199088327 480.87946199088327 0 0
2 79.21763673474952 79.21763673474952 0 1
3 365.63778968995126 365.63778968995126 0 0
4 39.17895283755271 43.17895283755271 4 1
5 362.5964084248022 362.5964084248022 0 1
6 53.04398622358325 53.04398622358325 0 0
7 57.072162480696555 57.072162480696555 0 1
8 510.817608180349 510.817608180349 0 0
9 184.99097528398062 184.99097528398062 0 0
10 453.31186977099117 453.31186977099117 0 1
11 32.664611122364555 32.664611122364555 0 0
12 230.0558395388543 230.0558395388543 0 1
13 158.79268982575206 158.79268982575206 0 0
14 100.41418984272592 100.41418984272592 0 0
15 331.79314139559943 331.79314139559943 0 0
16 117.17879276993692 117.17879276993692 0 1
17 558.2446060928297 558.2446060928297 0 0
18 541.0460462184872 541.0460462184872 0 0
19 161.15407044855493 161.15407044855493 0 1
20 310.5150654725635 310.5150654725635 0 0
21 486.46963193463273 486.46963193463273 0.8067176843312609 1
22 465.22558419613466 465.22558419613466 0 0
23 70.673632989432 70.673632989432 0 1
24 280.90116738964315 280.90116738964315 0 1
25 376.7528472239574 376.7528472239574 0 0
26 204.50045171115747 204.50045171115747 3.6832385059275623 1
27 46.22033410270182 46.22033410270182 0 0
28 208.97258766615707 208.97258766615707 1.6437088302534164 1
29 133.33936509633853 133.33936509633853 0 0
30 84.60280154188402 84.60280154188402 0 1
31 305.7716489823109 305.7716489823109 0 1
32 290.52484726956516 290.52484726956516 0 0
33 244.13889457654898 244.13889457654898 0.48158452895924597 1
34 138.929535040088 149.929535040088 11 1
35 226.89356187868592 226.89356187868592 1.642153616429141 1
36 287.6093713221425 287.6093713221425 0 1
37 41.17895283755271 41.17895283755271 0 0
38 51.241210585851256 51.241210585851256 0 1
39 327.183369166953 327.183369166953 0 1
40 216.4892358553435 216.4892358553435 0 0
41 568.5517666026076 568.5517666026076 0 0
42 554.89050412658 554.89050412658 0 1
43 621.1423280148738 621.1423280148738 0 0
44 269.8536763177966 269.8536763177966 0 0
45 73.83591064960038 73.83591064960038 0 0
46 581.8347760365792 581.8347760365792 0 1
47 563.8347760365792 563.8347760365792 3.8452523964064085 1
48 153.09181270025638 153.09181270025638 0 1
49 302.6093713221425 302.6093713221425 0 1
50 121.30189839555457 121.30189839555457 0 0
51 191.0811452277301 191.0811452277301 0 0
52 604.9776278104638 609.1007334360814 4.123105625617661 1
53 319.37311949104634 319.37311949104634 0 1
54 249.72906452029846 249.72906452029846 0 0
55 238.11809728715284 238.11809728715284 0 0
56 168.17190487236402 168.17190487236402 0 0
57 341.5013853150732 341.5013853150732 4.119977120934607 1
58 534.0818520798952 534.0818520798952 3.61655761531631 1
59 599.9784825687709 599.9784825687709 0 0
60 499.3713861856241 499.3713861856241 0 0
61 304.8454392996423 304.8454392996423 0 0
62 144.429535040088 144.429535040088 0 0
63 262.1385516246856 262.1385516246856 0 0
64 180.95984640983136 180.95984640983136 1.650281539872907 1
65 97.25191218255753 97.25191218255753 0 1
66 475.2226077413909 475.2226077413909 0 1
67 179.54563284745825 179.54563284745825 0 0
68 29.129077216431817 29.129077216431817 0 1
69 108.54681985316742 108.54681985316742 0 0
70 177.30956486995845 177.30956486995845 0 1
71 206.73651968865727 206.73651968865727 0 0
72 321.37311949104634 321.37311949104634 0 0
73 126.17879276993692 126.17879276993692 0 1
74 503.8713861856241 503.8713861856241 0 1
75 497.8713861856241 497.8713861856241 0 1
76 375.6348132352075 375.6348132352075 0 1
77 591.3761573017283 591.3761573017283 2.3302787142210946 1
78 399.40454188321695 399.40454188321695 0 1
79 86.1839403719682 86.1839403719682 0 0
80 105.85423744960016 105.85423744960016 0 1
81 588.3347760365792 588.3347760365792 0 0
82 285.61815795567145 285.61815795567145 0 0
83 253.08316648654815 253.08316648654815 1.873204098133698 1
84 346.451132783379 346.451132783379 0 0
85 128.4148607474367 128.4148607474367 0 0
86 607.0391806232726 607.0391806232726 0 0
87 26.90619006946569 26.90619006946569 0 0
88 528.9340370094017 528.9340370094017 0 0
89 60.23444014086493 60.23444014086493 0 0
90 112.17879276993692 112.17879276993692 0 1
91 268.7356423290467 268.7356423290467 0 1
92 462.1842029309856 462.1842029309856 0.810075411695891 1
93 521.8629691975362 521.8629691975362 4.537958964838481 1
94 190.5811452277301 190.5811452277301 1.018973550856117 1
95 459.1428216658365 459.1428216658365 0 0
96 131.2778122835297 131.2778122835297 0 1
97 23.743912409297312 23.743912409297312 0 1
98 192.8172132052299 192.8172132052299 0 1
99 200.0283157561579 200.0283157561579 0 0
