The sequence of nodes visited by the vehicle:
set vehicleNodes :=
0    48   31   21   97   85   92   69   35   23   39   26   59   72
68   30   25   29   11   6    67   45   87   46   22   12   94
63   9    44   80   10   58   74   28   77   53   40   99   33
15   8    78   1    65   17   66   75   82   2    5    3    89;

The sequence of nodes visited by the drone:
set dronedNodes :=
0    15   8    44   29   97   65   58   67   45   35   23   2    5    59   89
55   42   98   43   34   90   13   86   41   70   38   96   73   32   60   72
68   48   31   78   80   11   85   17   74   28   77   46   22   12   94   36
4    81   88   62   84   56   49   24   57   51   27   95   16   79   37
63   9    25   21   1    10   6    92   66   75   82   53   40   99   33
83   76   19   93   50   14   91   20   64   52   61   71   54   7    47;

The 3-tuple cycles in which the drone was involved:
set droneCycles := (17,18,17);

The node and associated arrival time, departure time, vehicle idle time, and assignment associated with that node:
0 570.9986449662015 570.9986449662015 0 1
1 148.40980511307126 148.40980511307126 0 1
2 444.2307113507982 444.2307113507982 0 1
3 496.035983646444 496.035983646444 0 1
4 26.045813180233402 26.045813180233402 0 0
5 475.3491427287146 475.3491427287146 0 1
6 218.19179577776742 218.19179577776742 0 1
7 500.9822056411689 500.9822056411689 0 0
8 70.45685478409139 70.45685478409139 0 1
9 60.01654827518084 60.01654827518084 0 1
10 179.58994543886374 179.58994543886374 0 1
11 165.6615571616796 165.6615571616796 0 1
12 486.42021054058006 486.42021054058006 0 1
13 195.73130404750898 195.73130404750898 0 0
14 184.61488324942417 184.61488324942417 0 0
15 35.096616640922015 35.096616640922015 0.3541019662496865 1
16 460.76638019841636 460.76638019841636 0 0
17 244.26601994391092 245.68023350628403 1.4142135623730951 1
18 244.97312672509747 244.97312672509747 0 0
19 92.85469022075694 92.85469022075694 0 0
20 257.5923603671442 257.5923603671442 0 0
21 116.90845845018694 116.90845845018694 0.29681148915985034 1
22 459.26638019841636 459.26638019841636 0 1
23 380.9353408324053 380.9353408324053 0 1
24 248.8425111664524 248.8425111664524 0 0
25 87.85469022075694 87.85469022075694 0 1
26 479.3491427287146 479.3491427287146 0 1
27 355.08909323577734 355.08909323577734 0 0
28 298.25395671394034 298.25395671394034 1.1795868015587416 1
29 135.3475473647727 135.3475473647727 0 1
30 49.19989444878887 49.19989444878887 0 1
31 81.85469022075694 81.85469022075694 0.21749554916659974 1
32 478.9546940041786 478.9546940041786 0 0
33 537.0530590782964 537.0530590782964 0 1
34 138.88308127070545 138.88308127070545 0 0
35 336.97849753598257 336.97849753598257 0 1
36 555.9037898559285 555.9037898559285 0 0
37 526.4402080849599 526.4402080849599 0 0
38 344.61066629721944 344.61066629721944 0 0
39 445.2307113507982 445.2307113507982 0 1
40 465.3491427287146 465.3491427287146 0 1
41 260.7546380273125 260.7546380273125 0 0
42 41.19989444878887 41.19989444878887 0 0
43 99.67360133500253 99.67360133500253 0 0
44 98.55556734625263 98.55556734625263 1.2140441449905524 1
45 295.0743699123816 295.0743699123816 0 1
46 391.2309709733923 391.2309709733923 0 1
47 538.4672726406695 538.4672726406695 0 0
48 45.19989444878887 45.19989444878887 0.053402186745962865 1
49 210.1520947808498 210.1520947808498 0 0
50 150.64587309057106 150.64587309057106 0 0
51 307.30934185207775 307.30934185207775 0 0
52 323.41937317736296 323.41937317736296 0 0
53 419.3912266540497 419.3912266540497 0 1
54 468.98919767335485 468.98919767335485 0 0
55 4.699283517034792 4.699283517034792 0 0
56 169.9041978487989 169.9041978487989 0 0
57 274.0364921998946 274.0364921998946 0 0
58 232.10049488331447 232.10049488331447 0.9086991055470435 1
59 506.57237558491835 506.57237558491835 0.33835291128878 1
60 511.1000681539871 511.1000681539871 0 0
61 373.21981009290226 373.21981009290226 0 0
62 110.64347640711611 110.64347640711611 0 0
63 31.74251467467233 31.74251467467233 0 1
64 284.8192210704587 284.8192210704587 0 0
65 194.15016521742479 194.15016521742479 0 1
66 278.41609683302585 278.41609683302585 0 1
67 259.17349919722835 259.17349919722835 0.1506156080337746 1
68 23.49630342343701 23.49630342343701 0 1
69 292.8383019348818 292.8383019348818 0 1
70 297.1359227251904 297.1359227251904 0 0
71 431.412041934221 431.412041934221 0 0
72 550.5887169495612 550.5887169495612 0 1
73 446.7307113507982 446.7307113507982 0 0
74 267.2357569455269 267.2357569455269 0 1
75 319.5142483394096 319.5142483394096 0 1
76 65.51654827518084 65.51654827518084 0 0
77 350.9659876101597 350.9659876101597 0 1
78 106.17134045211654 106.17134045211654 0 1
79 488.5415308841397 488.5415308841397 0 0
80 140.3475473647727 140.3475473647727 0 1
81 52.21772887259797 52.21772887259797 0 0
82 367.51893296740656 367.51893296740656 0 1
83 33.97858265217212 33.97858265217212 0 0
84 143.88308127070545 143.88308127070545 0 0
85 202.63544659166337 202.63544659166337 0 1
86 237.95284483867428 237.95284483867428 0 0
87 345.58082280302517 345.58082280302517 0 1
88 82.85469022075694 82.85469022075694 0 0
89 543.3776143986332 543.3776143986332 0 1
90 158.86082190731187 158.86082190731187 0 0
91 226.26954298846917 226.26954298846917 0 0
92 254.89977796357692 254.89977796357692 0 1
93 127.59723761340291 127.59723761340291 0 0
94 518.6139701637106 518.6139701637106 0 1
95 392.3490049621422 392.3490049621422 0 0
96 381.9353408324053 381.9353408324053 0 0
97 152.06008665294416 152.06008665294416 1.650281539872907 1
98 75.77192769045871 75.77192769045871 0 0
99 494.035983646444 494.035983646444 0 1
