The sequence of nodes visited by the vehicle:
set vehicleNodes :=
0    44   8    55   12   87   98   90   4    84   86   20   61   46
22   14   17   31   73   28   33   15   23   54   64   57   69
39   72   32   40   51   9    13   65   74   97   83   94   27
68   1    99   48   3    42   59   45   26   53   16   5    60;

The sequence of nodes visited by the drone:
set dronedNodes :=
0    68   8    55   48   51   28   98   59   65   79   10   49   91   76   80
24   93   19   85   43   88   92   29   70   41   74   54   64   57   69   46
22   44   17   31   12   3    9    33   90   45   25   78   11   21   56   18
63   96   47   89   75   67   2    71   36   4    26   97   83   94   27
39   72   32   40   73   87   42   13   15   58   82   50   35   6    66
37   62   7    95   52   30   77   81   38   23   84   86   20   61   60;

The 3-tuple cycles in which the drone was involved:
set droneCycles := (13,34,13);

The node and associated arrival time, departure time, vehicle idle time, and assignment associated with that node:
0 614.0542515004485 614.0542515004485 0 1
1 63.072390688182 63.072390688182 0 1
2 217.219302819513 217.219302819513 0 0
3 178.57022239994595 178.57022239994595 0.40376988984110085 1
4 318.6312289768717 318.6312289768717 0 1
5 505.75941405691594 505.75941405691594 0 1
6 502.9954820344157 502.9954820344157 0 0
7 95.16774426802694 95.16774426802694 0 0
8 73.51269719709255 73.51269719709255 0 1
9 211.13654028921476 211.13654028921476 0 1
10 376.4727526334691 376.4727526334691 0 0
11 450.4640991847074 450.4640991847074 0 0
12 140.56891002077498 140.56891002077498 0 1
13 259.1395780144455 261.3756459919453 2.23606797749979 1
14 55.00132287631652 55.00132287631652 0 1
15 290.89495347189285 290.89495347189285 0.19214906243337282 1
16 466.9210963783129 466.9210963783129 0 1
17 82.11502246413518 82.11502246413518 0 1
18 597.1901617296572 597.1901617296572 0 0
19 76.67497485726093 76.67497485726093 0 0
20 475.5234216453555 475.5234216453555 0 1
21 495.92812610749667 495.92812610749667 0 0
22 14.57089234123993 14.57089234123993 0 1
23 338.6312289768717 338.6312289768717 0 1
24 4.759241220074425 4.759241220074425 0 0
25 356.5585201112008 356.5585201112008 0 0
26 359.0585201112008 359.0585201112008 0.06013495061273488 1
27 551.8056850394863 551.8056850394863 0 1
28 200.9385012620292 200.9385012620292 0 1
29 245.65596233620158 245.65596233620158 0 0
30 194.14425068509132 194.14425068509132 0 0
31 113.88416068100653 113.88416068100653 0 1
32 92.93167629052715 92.93167629052715 0 1
33 252.72703014806706 252.72703014806706 1.0660182716672466 1
34 260.2576120031954 260.2576120031954 0 0
35 463.8766720937886 463.8766720937886 0 0
36 286.42281751689325 286.42281751689325 0 0
37 30.544303954768324 30.544303954768324 0 0
38 292.9565062847017 292.9565062847017 0 0
39 26.73641740183637 26.73641740183637 0 1
40 118.8194014773404 118.8194014773404 1.3296895208698771 1
41 310.197301106124 310.197301106124 0 0
42 222.53437572588032 222.53437572588032 0.21749554916661396 1
43 133.34936556348208 133.34936556348208 0 0
44 45.78177841902363 45.78177841902363 0 1
45 312.30667365653494 312.30667365653494 0 1
46 591.0868839217903 591.0868839217903 0 1
47 85.75507740877543 85.75507740877543 0 0
48 131.34936556348208 131.34936556348208 0 1
49 440.790316304868 440.790316304868 0 0
50 414.24171274223784 414.24171274223784 0 0
51 163.40162944987145 163.40162944987145 0 1
52 159.19342551737208 159.19342551737208 0 0
53 424.5100339951764 424.5100339951764 0 1
54 383.98940082265557 383.98940082265557 0.27790379899232676 1
55 103.58853054001953 103.58853054001953 0 1
56 518.6346742493483 518.6346742493483 0 0
57 487.60646761895003 487.60646761895003 0 1
58 322.9032308495305 322.9032308495305 0 0
59 269.6218572431806 269.6218572431806 0 1
60 584.378679989291 584.378679989291 0 1
61 510.23155001191554 510.23155001191554 0 1
62 64.07907008701828 64.07907008701828 0 0
63 19.495321242137983 19.495321242137983 0 0
64 446.6562126317754 446.6562126317754 0 1
65 304.49642398062826 304.49642398062826 0 1
66 560.8056850394863 560.8056850394863 0 0
67 183.88529530631328 183.88529530631328 0 0
68 37.78177841902363 37.78177841902363 0 1
69 516.6346742493483 516.6346742493483 0 1
70 277.23763034904454 277.23763034904454 0 0
71 254.52980578579906 254.52980578579906 0 0
72 56.00132287631652 56.00132287631652 0 1
73 156.69342551737208 156.69342551737208 0 1
74 354.7557444734688 354.7557444734688 0 1
75 148.63116776907353 148.63116776907353 0 0
76 514.4741906990348 514.4741906990348 0 0
77 227.14414795452677 227.14414795452677 0 0
78 388.29056345617687 388.29056345617687 0 0
79 342.9032308495305 342.9032308495305 0 0
80 586.5000003328506 586.5000003328506 0 0
81 265.90333856101404 265.90333856101404 0 0
82 362.41262207745046 362.41262207745046 0 0
83 454.27198573763934 454.27198573763934 0 1
84 373.2711905147527 373.2711905147527 0 1
85 105.16966937010372 105.16966937010372 0 0
86 439.3761027424949 439.3761027424949 0 1
87 191.45166828152406 191.45166828152406 0.07519740671241948 1
88 170.5079646516474 170.5079646516474 0 0
89 117.23826264725622 117.23826264725622 0 0
90 284.62004187916125 284.62004187916125 1.9597798255753105 1
91 479.55455051950474 479.55455051950474 0 0
92 203.97988252717832 203.97988252717832 0 0
93 41.68690325697696 41.68690325697696 0 0
94 500.75941405691594 500.75941405691594 0 1
95 121.3194014773404 121.3194014773404 0 0
96 48.47436082259088 48.47436082259088 0 0
97 395.8569364313876 395.8569364313876 0.6871957212330813 1
98 239.9991080867092 239.9991080867092 0.9723098583582441 1
99 97.93167629052715 97.93167629052715 0 1
