The sequence of nodes visited by the vehicle:
set vehicleNodes :=
0    3    23   2    46   9    27   17   47   37   25   26   15   45
13   18   12   1    36   5    14   34   35   44   42   49   43   22;

The sequence of nodes visited by the drone:
set dronedNodes :=
0    4    18   39   2    24   5    11   34   41   25   29   15   21
32   3    16   12   19   9    6    17   40   37   7    49   33   22
13   31   23   48   46   10   27   20   35   28   26   8    43   38;

The 3-tuple cycles in which the drone was involved:
set droneCycles := (47,30,47);

The node and associated arrival time, departure time, vehicle idle time, and assignment associated with that node:
0 432.4701276725896 432.4701276725896 0 1
1 141.6474453338031 141.6474453338031 0 1
2 139.4113773563033 139.4113773563033 0 1
3 40.90699936308631 40.90699936308631 0 1
4 31.7946053301921 31.7946053301921 0 0
5 170.22312753172008 170.22312753172008 1.242640687119291 1
6 181.6358397422334 181.6358397422334 0 0
7 323.05970020130167 323.05970020130167 0 0
8 368.63357714412837 368.63357714412837 0 0
9 162.9804868446008 162.9804868446008 3.737713651272486 1
10 165.9804868446008 165.9804868446008 0 0
11 201.2156144433714 201.2156144433714 0 0
12 110.29093779918121 110.29093779918121 0 1
13 29.245095573395705 29.245095573395705 0 1
14 201.37217804124901 201.37217804124901 0 1
15 373.2737597846513 373.2737597846513 0 1
16 70.12620126924608 70.12620126924608 0 0
17 214.30186677167382 214.30186677167382 5.313915624560877 1
18 62.49403250800921 62.49403250800921 0 1
19 143.7125399898246 143.7125399898246 0 0
20 220.38462930197204 220.38462930197204 0 0
21 402.94094381055595 402.94094381055595 0 0
22 416.39376325199805 416.39376325199805 0 1
23 72.95462839399227 72.95462839399227 0.6117380841869533 1
24 156.57736260716794 156.57736260716794 0 0
25 307.94348374347067 307.94348374347067 0 1
26 335.5721066009537 335.5721066009537 0 1
27 193.30992029295047 193.30992029295047 0 1
28 292.38351040699666 292.38351040699666 0 0
29 345.2803505204275 345.2803505204275 0 0
30 248.92205931854207 248.92205931854207 0 0
31 50.4594859503577 50.4594859503577 0 0
32 8.370838290769262 8.370838290769262 0 0
33 380.07449503901904 380.07449503901904 0 0
34 234.3309549829534 234.3309549829534 4.2176999104376875 1
35 260.201866247685 260.201866247685 0.48408592111121607 1
36 150.996561942093 150.996561942093 0 1
37 289.88351040699666 289.88351040699666 0 1
38 420.9214558210668 420.9214558210668 0 0
39 93.3139014654946 93.3139014654946 0 0
40 246.37254956174567 246.37254956174567 0 0
41 267.7185144368715 267.7185144368715 0 0
42 326.9697813339111 326.9697813339111 0 1
43 393.28433985264195 393.28433985264195 4.87783411756908 1
44 305.11505661872445 305.11505661872445 0 1
45 399.9925437851413 399.9925437851413 0 1
46 146.7539212549737 146.7539212549737 0.007456407577819846 1
47 246.37254956174567 251.47156907533846 5.0990195135927845 1
48 113.20641374660386 113.20641374660386 0 0
49 361.0672041689176 361.0672041689176 0 1
