The sequence of nodes visited by the vehicle:
set vehicleNodes :=
0    17   22   40   4    16   10   45   30   2    35   13   3    12   25
20   14   21   38   28   6    42   41   43   34   15   49   1    36;

The sequence of nodes visited by the drone:
set dronedNodes :=
0    47   38   19   16   24   42   27   43   33   13   37   36   44
5    21   18   28   7    10   29   30   31   35   23   1    48
22   46   4    8    6    39   41   9    34   26   3    32   25;

The 3-tuple cycles in which the drone was involved:
set droneCycles := (34,11,34);

The node and associated arrival time, departure time, vehicle idle time, and assignment associated with that node:
0 483.83212245249103 483.83212245249103 0 1
1 391.51831670887736 391.51831670887736 0 1
2 265.39701218960016 265.39701218960016 0 1
3 369.42759467450287 369.42759467450287 1.349687742328399 1
4 130.26638953689084 130.26638953689084 0 1
5 19.654551913013414 19.654551913013414 0 0
6 180.6070583605518 180.6070583605518 0 1
7 165.90708800092128 165.90708800092128 0 0
8 152.77713847137477 152.77713847137477 0 0
9 262.3124881370228 262.3124881370228 0 0
10 200.8555150918684 200.8555150918684 0 1
11 292.9123135338627 292.9123135338627 0 0
12 404.51831670887736 404.51831670887736 0 1
13 349.4650501302551 349.4650501302551 0 1
14 57.01325157491624 57.01325157491624 0 1
15 336.6588016553894 336.6588016553894 0 1
16 160.80806848732848 160.80806848732848 0 1
17 28.852995894258797 28.852995894258797 0 1
18 106.87077612581542 106.87077612581542 0 0
19 135.96726666238652 135.96726666238652 0 0
20 6.7170522730801405 6.7170522730801405 0 1
21 77.93811042008751 77.93811042008751 0 1
22 58.01325157491624 58.01325157491624 0 1
23 354.85021493738964 354.85021493738964 0 0
24 191.1545699154163 191.1545699154163 0 0
25 462.39195254015056 462.39195254015056 0.6282992370948932 1
26 337.30718606549704 337.30718606549704 0 0
27 247.15927349852853 247.15927349852853 0 0
28 144.04501387308827 144.04501387308827 0.7786243361974243 1
29 229.66429977410976 229.66429977410976 0 0
30 259.39701218960016 259.39701218960016 0 1
31 278.71483325287653 278.71483325287653 0 0
32 400.91246382290535 400.91246382290535 0 0
33 312.7794413272957 312.7794413272957 0 0
34 289.9123135338627 295.9123135338627 6 1
35 328.1147979100719 328.1147979100719 0 1
36 425.542112750506 425.542112750506 0 1
37 384.9598192415119 384.9598192415119 0 0
38 99.5906662365349 99.5906662365349 0 1
39 205.3832076609371 205.3832076609371 0 0
40 80.1741783975873 80.1741783975873 0 1
41 242.1343356879681 242.1343356879681 0 1
42 217.1343356879681 217.1343356879681 0 1
43 264.39701218960016 264.39701218960016 0 1
44 468.9111549453532 468.9111549453532 0 0
45 227.1343356879681 227.1343356879681 0 1
46 89.4815068007027 89.4815068007027 0 0
47 63.39841638205074 63.39841638205074 0 0
48 437.4269770745107 437.4269770745107 0 0
49 360.8668043812465 360.8668043812465 0 1
