The sequence of nodes visited by the vehicle:
set vehicleNodes :=
0    35   10   32   9    2    34   20   27   17   7    24   25   13
22   28   47   42   11   49   31   3    21   15   1    12   43;

The sequence of nodes visited by the drone:
set dronedNodes :=
0    19   10   44   9    38   34   30   21   39   7    8    12   45   13
33   35   48   42   4    49   40   3    46   15   41   24   18   43   6
22   16   32   29   11   26   20   36   17   37   1    5    25   23;

The 3-tuple cycles in which the drone was involved:
set droneCycles := (17,14,17);

The node and associated arrival time, departure time, vehicle idle time, and assignment associated with that node:
0 419.0608317533993 419.0608317533993 0 1
1 274.3160116877491 274.3160116877491 5.700877125495708 1
2 126.39602040493405 126.39602040493405 0 1
3 172.30217941908182 172.30217941908182 0 1
4 109.64628453257696 109.64628453257696 0 0
5 318.93424879284095 318.93424879284095 0 0
6 406.0579808312566 406.0579808312566 0 0
7 263.5161150486606 263.5161150486606 0 1
8 295.5409969645402 295.5409969645402 0 0
9 103.12708212737431 103.12708212737431 0 1
10 61.60088568755961 61.60088568755961 0 1
11 122.15337971781476 122.15337971781476 0 1
12 334.2721104430189 334.2721104430189 2.9698993860647533 1
13 401.31456434100403 401.31456434100403 0 1
14 219.19667624167607 219.19667624167607 0 0
15 243.39150325116248 243.39150325116248 0 1
16 52.28254960652702 52.28254960652702 0 0
17 218.19667624167607 220.19667624167607 2 1
18 344.19682706365853 344.19682706365853 0 0
19 34.85445909615618 34.85445909615618 0 0
20 156.02335882298212 156.02335882298212 0 1
21 189.40431614390013 189.40431614390013 0 1
22 32.161876692588926 32.161876692588926 0 1
23 373.53397027889656 373.53397027889656 0 0
24 312.43424879284095 312.43424879284095 0 1
25 352.69682706365853 352.69682706365853 5.27177018267372 1
26 141.6734522230883 141.6734522230883 0 0
27 187.16824816640033 187.16824816640033 0 1
28 47.999415178824165 47.999415178824165 0 1
29 96.09614564907486 96.09614564907486 0 0
30 159.55889272891486 159.55889272891486 0 0
31 148.81225627205413 148.81225627205413 0 1
32 75.30558559827924 75.30558559827924 0 1
33 20.94304804803271 20.94304804803271 0 0
34 145.20670499659013 145.20670499659013 0 1
35 45.76334720132437 45.76334720132437 0 1
36 176.42528504469948 176.42528504469948 0 0
37 254.35735935089312 254.35735935089312 0 0
38 128.00572967317459 128.00572967317459 0 3.9282048159303716e-09
39 225.5117491480434 225.5117491480434 0 0
40 148.81225627205413 148.81225627205413 0 0
41 269.2169921741563 269.2169921741563 0 0
42 87.89553591564649 87.89553591564649 3.987625050324624 1
43 371.2979023013968 371.2979023013968 0 1
44 83.36784334657779 83.36784334657779 0 0
45 362.55836852531655 362.55836852531655 0 0
46 200.41567391667274 200.41567391667274 0 0
47 63.60088568755961 63.60088568755961 0 1
48 67.86586773063044 67.86586773063044 0 0
49 139.1239424662919 139.1239424662919 0 1
