The sequence of nodes visited by the vehicle:
set vehicleNodes :=
0    27   15   36   29   47   41   45   30   43   22   17   1
6    20   26   2    31   21   44   33   39   49   37   42   46;

The sequence of nodes visited by the drone:
set dronedNodes :=
0    35   20   40   36   18   47   10   44   24   39   13   37   16   1    7
48   27   3    26   14   31   8    41   19   30   34   22   11   42   32
6    25   15   4    2    9    21   12   33   38   43   28   17   5    46;

The 3-tuple cycles in which the drone was involved:
set droneCycles := (45,23,45);

The node and associated arrival time, departure time, vehicle idle time, and assignment associated with that node:
0 383.2976132500614 383.2976132500614 0 1
1 334.1691858856607 334.1691858856607 0.5210527442407624 1
2 118.21799151437497 118.21799151437497 0 1
3 72.91716144378017 72.91716144378017 0 0
4 97.21853542532538 97.21853542532538 0 0
5 330.6691858856607 330.6691858856607 0 0
6 21.604466262843875 21.604466262843875 0 1
7 368.36779172095515 368.36779172095515 0 0
8 147.09347139818735 147.09347139818735 0 0
9 135.8962452816859 135.8962452816859 0 5.858484172624369e-09
10 157.56595145211782 157.56595145211782 0 0
11 310.1569207012114 310.1569207012114 0 0
12 182.47049496982547 182.47049496982547 0 0
13 282.5056074489514 282.5056074489514 0 0
14 107.20507918461351 107.20507918461351 0 0
15 78.50733138752965 78.50733138752965 1.9549374917359188 1
16 321.3680232521394 321.3680232521394 0 0
17 317.3680232521394 317.3680232521394 0.7946946859292439 1
18 123.1677389826808 123.1677389826808 0 0
19 201.64600179974738 201.64600179974738 0 0
20 63.90328325512021 63.90328325512021 0 1
21 151.54515416272167 151.54515416272167 0 1
22 286.5367363231007 286.5367363231007 1.4048331252959088 1
23 199.94413965166927 199.94413965166927 0 0
24 227.33965095283176 227.33965095283176 0 0
25 37.78130212856308 37.78130212856308 0 0
26 90.95355338225455 90.95355338225455 5.375154182859433 1
27 33.3091661735635 33.3091661735635 0 1
28 291.1465085517471 291.1465085517471 0 0
29 120.21799151437497 120.21799151437497 0 1
30 236.01435795923192 236.01435795923192 0 1
31 134.77821129293602 134.77821129293602 0 1
32 341.4492957749412 341.4492957749412 0 0
33 214.9905619176033 214.9905619176033 0 1
34 271.63668113892487 271.63668113892487 0 0
35 28.007590500276724 28.007590500276724 0 0
36 104.28960323719086 104.28960323719086 1.2944552761440065 1
37 303.1569207012114 303.1569207012114 1.5868879997378258 1
38 244.07661570753046 244.07661570753046 0 0
39 259.868078842985 259.868078842985 0 1
40 84.00733138752965 84.00733138752965 0 0
41 179.97049496982547 179.97049496982547 0 1
42 326.3680232521394 326.3680232521394 0.7537887487646913 1
43 277.895835220305 277.895835220305 0 1
44 191.01585598701274 191.01585598701274 0 1
45 198.8261056629194 201.06217364041916 2.23606797749979 1
46 354.784714013749 354.784714013749 0 1
47 144.26504427344116 144.26504427344116 0 1
48 5.980771884972382 5.980771884972382 0 0
49 280.1319031978048 280.1319031978048 0 1
