The sequence of nodes visited by the vehicle:
set vehicleNodes :=
0    36   34   4    48   42   49   26   10   22   39   46   7    1
14   16   30   2    9    19   20   6    45   40   8    17   15;

The sequence of nodes visited by the drone:
set dronedNodes :=
0    31   16   28   4    37   9    32   49   21   40   18   46   33   15
25   36   41   30   35   48   5    19   29   45   43   8    47   7    24
14   23   34   38   2    12   42   11   26   27   39   3    17   44   1;

The 3-tuple cycles in which the drone was involved:
set droneCycles := (26,13,26);

The node and associated arrival time, departure time, vehicle idle time, and assignment associated with that node:
0 399.30656273534396 399.30656273534396 0 1
1 389.68390758401074 389.68390758401074 0 1
2 143.2673662863504 143.2673662863504 0 1
3 311.03124044243424 311.03124044243424 0 0
4 132.97173614536342 132.97173614536342 0 1
5 167.13008395897478 167.13008395897478 0 0
6 235.97418209872833 235.97418209872833 0 1
7 341.76789921241624 341.76789921241624 0 1
8 305.2002885475889 305.2002885475889 0.43817853198498824 1
9 164.58057420217838 164.58057420217838 0 1
10 250.53440187728938 250.53440187728938 0 1
11 195.74392951959686 195.74392951959686 0 0
12 163.08057420217838 163.08057420217838 0 0
13 222.10125980766213 222.10125980766213 0 0
14 39.34141773377356 39.34141773377356 0 1
15 367.7294091839106 367.7294091839106 0 1
16 69.53523398364297 69.53523398364297 0 1
17 335.4433438920795 335.4433438920795 0 1
18 299.8852156412216 299.8852156412216 0 0
19 182.32752165459812 182.32752165459812 0 1
20 212.7004734715955 212.7004734715955 0 1
21 232.22687658488863 232.22687658488863 0 0
22 269.3068429915752 269.3068429915752 0 1
23 61.73222777141228 61.73222777141228 0 0
24 371.2649430898433 371.2649430898433 0 0
25 4.55544206755508 4.55544206755508 0 0
26 219.40867740409487 224.7938422112294 5.385164807134504 1
27 273.5582962533169 273.5582962533169 0 0
28 98.56322808866557 98.56322808866557 0 0
29 210.4698651728661 210.4698651728661 0 0
30 109.95000727892075 109.95000727892075 0 1
31 43.86911030284227 43.86911030284227 0 0
32 177.39242988844438 177.39242988844438 0 0
33 339.9433438920795 339.9433438920795 0 0
34 88.85498416919177 88.85498416919177 1.2919938082288525 1
35 138.07075565895622 138.07075565895622 0 0
36 51.42446370736813 51.42446370736813 0 1
37 147.9843568523787 147.9843568523787 0 0
38 117.76025695482741 117.76025695482741 0 0
39 295.7621100156039 295.7621100156039 0 1
40 280.62936406518236 280.62936406518236 2.7201958065645613 1
41 77.67464428169282 77.67464428169282 0 0
42 170.66561786490752 170.66561786490752 0.08504366272913444 1
43 288.2451371710463 288.2451371710463 0 0
44 350.6279217857509 350.6279217857509 0 0
45 256.93752611472223 256.93752611472223 0 1
46 322.4049390816742 322.4049390816742 0 1
47 327.4049390816742 327.4049390816742 0 0
48 162.58057420217838 162.58057420217838 0 1
49 205.08470036573158 205.08470036573158 2.8323198659621767 1
