The sequence of nodes visited by the vehicle:
set vehicleNodes :=
0    5    48   19   13   16   39   27   41   37   36   8    44
15   47   4    21   33   29   3    42   14   9    1    24   38;

The sequence of nodes visited by the drone:
set dronedNodes :=
0    7    25   11   10   34   20   22   17   2    49   43   38
15   47   4    21   33   29   3    42   14   9    1    24
18   23   31   6    35   46   28   32   45   26   30   44
5    48   19   13   16   39   27   41   37   36   8    40;

The 3-tuple cycles in which the drone was involved:
set droneCycles := (16,12,16);

The node and associated arrival time, departure time, vehicle idle time, and assignment associated with that node:
0 437.58113943778136 437.58113943778136 0 1
1 350.2356929005718 350.2356929005718 1.3114062389207106 1
2 313.13228926933095 313.13228926933095 0 0
3 212.2858073044999 212.2858073044999 3.2972798892123194 1
4 80.75767769786971 80.75767769786971 0 1
5 34.06594780167894 34.06594780167894 3.521216913184226 1
6 106.1774348806264 106.1774348806264 0 0
7 46.48569015005316 46.48569015005316 0 0
8 371.27443167624546 371.27443167624546 0.814990359516969 1
9 323.6923785129173 323.6923785129173 0 1
10 121.04240128009742 121.04240128009742 0 0
11 90.8388165279539 90.8388165279539 0 0
12 148.20509755392825 148.20509755392825 0 0
13 109.53153684687608 109.53153684687608 3.0503439353090727 1
14 293.32785338994165 293.32785338994165 5.402922012426302 1
15 7.5230020220520375 7.5230020220520375 0 1
16 142.68241704533463 153.72777806252188 11.045361017187261 1
17 283.12981436275606 283.12981436275606 0 0
18 26.549299612492483 26.549299612492483 0 0
19 85.8388165279539 85.8388165279539 0.9580332044665312 1
20 206.7631267959063 206.7631267959063 0 0
21 100.15663759123025 100.15663759123025 0 1
22 246.25722443993683 246.25722443993683 0 0
23 64.72155324320858 64.72155324320858 0 0
24 403.33687076000825 403.33687076000825 0 1
25 76.59517223417987 76.59517223417987 0 0
26 327.81548413853494 327.81548413853494 0 0
27 230.75722443993683 230.75722443993683 1.8281001583436876 1
28 225.37205963280232 225.37205963280232 0 0
29 176.23175148476977 176.23175148476977 0.5039734222478955 1
30 355.9365700260675 355.9365700260675 0 0
31 84.25767769786971 84.25767769786971 0 0
32 258.4773039706352 258.4773039706352 0 0
33 128.85265095600408 128.85265095600408 0.9363377982777763 1
34 160.0917390932008 160.0917390932008 0 0
35 137.3673441389673 137.3673441389673 0 0
36 336.7177310459174 336.7177310459174 2.208698706608118 1
37 310.09090800418187 310.09090800418187 0 1
38 427.18305930894195 427.18305930894195 0 1
39 203.1575755204423 203.1575755204423 0 1
40 419.5015709644182 419.5015709644182 0 0
41 271.89371183563395 271.89371183563395 3.3058966896525703 1
42 252.7764268451395 252.7764268451395 0.8295823047855606 1
43 374.62853364249514 374.62853364249514 0 0
44 407.4599763856259 407.4599763856259 0 1
45 301.6495118784883 301.6495118784883 0 0
46 181.93262861026545 181.93262861026545 0 0
47 58.39699792287182 58.39699792287182 0 1
48 69.57733781037076 69.57733781037076 0 1
49 340.74885992006665 340.74885992006665 0 0
