The sequence of nodes visited by the vehicle:
set vehicleNodes := 0 15 10 19 8 12 13 3 16 6 7 1 18;

The sequence of nodes visited by the drone:
set dronedNodes := 0 15 2 8 11 12 5 3 16 4 6 17 18 14;

The 3-tuple cycles in which the drone was involved:
set droneCycles := (12,9,12);

The node and associated arrival time, departure time, vehicle idle time, and assignment associated with that node:
0 696.3049535072014 696.3049535072014 0 1
1 611.0928525484986 611.0928525484986 0 1
2 247.40434481977587 247.40434481977587 0 0
3 420.81043480301474 420.81043480301474 1.8890781663019993 1
4 559.7594376072125 559.7594376072125 0 0
5 405.80955698684414 405.80955698684414 0 0
6 579.9151137270181 579.9151137270181 0 1
7 600.671745612757 600.671745612757 0 1
8 282.9070122021574 282.9070122021574 0 1
9 342.9128928414687 342.9128928414687 0 0
10 258.7225071696864 258.7225071696864 0 1
11 304.02044105513653 304.02044105513653 0 0
12 315.94156148740063 369.8842241955368 53.94266270813614 1
13 390.69820099358617 390.69820099358617 0 1
14 644.4550589441147 644.4550589441147 0 0
15 229.3810715623255 229.3810715623255 0 1
16 535.9811572108283 535.9811572108283 0 1
17 608.4950238013308 608.4950238013308 0 0
18 628.8383015694478 628.8383015694478 0 1
19 277.66377049550056 277.66377049550056 0 1
