The sequence of nodes visited by the vehicle:
set vehicleNodes :=
0    5    48   19   13   16   39   27   42   14   9    36   8    44
15   47   4    21   33   29   3    28   41   37   49   1    24   38;

The sequence of nodes visited by the drone:
set dronedNodes :=
0    7    48   31   21   10   16   46   27   32   14   2    36   43   40
18   47   25   19   6    33   34   39   22   41   45   9    30   24
5    23   4    11   13   35   29   20   42   17   37   26   8    44;

The 3-tuple cycles in which the drone was involved:
set droneCycles := (16,12,16);

The node and associated arrival time, departure time, vehicle idle time, and assignment associated with that node:
0 430.5612665638795 430.5612665638795 0 1
1 344.0308103861869 344.0308103861869 0 1
2 308.1028882649755 308.1028882649755 0 0
3 205.46731050210335 205.46731050210335 0 1
4 77.23646078468548 77.23646078468548 0 1
5 30.544730888494712 30.544730888494712 0 1
6 102.65621796744216 102.65621796744216 0 0
7 42.96447323686893 42.96447323686893 0 0
8 364.2545588023436 364.2545588023436 0 1
9 318.6629775085618 318.6629775085618 0 1
10 117.52118436691319 117.52118436691319 0 0
11 87.31759961476966 87.31759961476966 0 0
12 144.683880640744 144.683880640744 0 0
13 106.01031993369185 106.01031993369185 3.0503439353090727 1
14 288.2984523855862 288.2984523855862 5.402922012426302 1
15 7.5230020220520375 7.5230020220520375 0 1
16 139.16120013215038 150.20656114933763 11.045361017187261 1
17 278.1004133584006 278.1004133584006 0 0
18 22.537363857799345 22.537363857799345 0 0
19 82.31759961476966 82.31759961476966 0.9580332044665312 1
20 203.24190988272204 203.24190988272204 0 0
21 96.63542067804602 96.63542067804602 0 1
22 237.61062747919658 237.61062747919658 0 0
23 61.20033633002434 61.20033633002434 0 0
24 396.3169978861064 396.3169978861064 0 1
25 73.07395532099564 73.07395532099564 0 0
26 322.7860831341795 322.7860831341795 0 0
27 222.11062747919658 222.11062747919658 0 1
28 232.88095709346558 232.88095709346558 0 1
29 172.71053457158553 172.71053457158553 0.5039734222478955 1
30 343.49687230038194 343.49687230038194 0 0
31 80.73646078468548 80.73646078468548 0 0
32 253.44790296627977 253.44790296627977 0 0
33 125.33143404281984 125.33143404281984 0.9363377982777479 1
34 156.57052218001655 156.57052218001655 0 0
35 133.84612722578305 133.84612722578305 0 0
36 331.8242547704532 331.8242547704532 0 1
37 305.0615069998264 305.0615069998264 0 1
38 420.1631864350401 420.1631864350401 0 1
39 199.63635860725805 199.63635860725805 0 1
40 412.4816980905163 412.4816980905163 0 0
41 266.8643108312785 266.8643108312785 3.3058966896525135 1
42 247.7470258407841 247.7470258407841 0 1
43 367.60866076859327 367.60866076859327 0 0
44 400.44010351172403 400.44010351172403 0 1
45 296.6201108741328 296.6201108741328 0 0
46 178.4114116970812 178.4114116970812 0 0
47 54.875781009687586 54.875781009687586 0 1
48 66.05612089718653 66.05612089718653 0 1
49 323.7619970221546 323.7619970221546 0 1
