The sequence of nodes visited by the vehicle:
set vehicleNodes :=
0    17   34   8    9    40   1    29   47   21   39   14   3    2
27   32   36   10   38   48   28   16   15   7    43   18   35   19;

The sequence of nodes visited by the drone:
set dronedNodes :=
0    44   34   24   9    40   26   29   6    15   20   18   4    2    33
23   17   41   10   22   45   28   49   47   11   43   5    35   42
27   30   36   13   38   48   46   16   25   7    31   3    12   19;

The 3-tuple cycles in which the drone was involved:
set droneCycles := (34,37,34);

The node and associated arrival time, departure time, vehicle idle time, and assignment associated with that node:
0 388.67474717574015 388.67474717574015 0 1
1 174.3465838760823 174.3465838760823 0 1
2 347.5158189453014 347.5158189453014 3.1047304771111612 1
3 315.58718874127914 315.58718874127914 0 1
4 321.6079860306753 321.6079860306753 0 0
5 304.57950939036914 304.57950939036914 0 0
6 215.93316465991336 215.93316465991336 0 0
7 258.6780228106648 258.6780228106648 0.45172249000836473 1
8 104.87714299809059 104.87714299809059 0 1
9 133.31567610462088 133.31567610462088 0.5460201775923679 1
10 115.7402695611021 115.7402695611021 3.583016673730981 1
11 246.1480587245231 246.1480587245231 0 0
12 341.49502165590525 341.49502165590525 0 0
13 125.25341835632231 125.25341835632231 0 0
14 291.59854227127886 291.59854227127886 0 1
15 234.6046623439079 234.6046623439079 2.4916473656763856 1
16 208.02747050949242 208.02747050949242 0.0263033008750142 1
17 36.180475414202405 36.180475414202405 0 1
18 299.43169431987565 299.43169431987565 0.6220494976687974 1
19 354.7823192681261 354.7823192681261 0.5582963903253244 1
20 265.78435801244075 265.78435801244075 0 0
21 242.41491201981455 242.41491201981455 0 1
22 136.85121001055361 136.85121001055361 0 0
23 12.972841923014336 12.972841923014336 0 0
24 107.49405830986677 107.49405830986677 0 0
25 228.1046623439079 228.1046623439079 0 0
26 175.4646178648322 175.4646178648322 0 0
27 21.180475414202405 21.180475414202405 0 1
28 183.5661283333752 183.5661283333752 0 1
29 199.45716346329988 199.45716346329988 1.6783647263727914 1
30 61.185474914302375 61.185474914302375 0 0
31 285.96878230203936 285.96878230203936 0 0
32 56.280226656444185 56.280226656444185 0 1
33 363.0587919467495 363.0587919467495 0 0
34 76.52868338776076 78.76475136526057 2.23606797749979 1
35 330.0932674049139 330.0932674049139 3.506078663634753 1
36 103.4629294357175 103.4629294357175 0 1
37 77.64671737651067 77.64671737651067 0 0
38 150.43291887324457 150.43291887324457 0 1
39 261.8403004708332 261.8403004708332 0 1
40 156.83604311067742 156.83604311067742 0 1
41 91.97459617888347 91.97459617888347 0 0
42 350.0653287020978 350.0653287020978 0 0
43 272.73058000716566 272.73058000716566 8.654211558832685 1
44 27.011427309047704 27.011427309047704 0 1.1494819236784791e-09
45 165.56816770896393 165.56816770896393 0 0
46 190.72503886501337 190.72503886501337 0 0
47 222.06313935711063 222.06313935711063 0 1
48 169.87444792108272 169.87444792108272 0 1
49 202.00667322009627 202.00667322009627 0 0
