The sequence of nodes visited by the vehicle:
set vehicleNodes := 0 2 19 14 1 4 10 15 9 18 13 6;

The sequence of nodes visited by the drone:
set dronedNodes := 0 2 16 19 14 3 1 5 4 10 15 7 9 12 18 13 17 6 8;

The 3-tuple cycles in which the drone was involved:
set droneCycles := (9,11,9);

The node and associated arrival time, departure time, vehicle idle time, and assignment associated with that node:
0 359.589647941731 359.589647941731 0 1
1 142.09782775381763 142.09782775381763 0 1
2 63.83048796657567 63.83048796657567 0 1
3 120.79559465733054 120.79559465733054 0 0
4 158.86088236805784 158.86088236805784 0 1
5 142.59782775381763 142.59782775381763 0 0
6 318.67505178848467 318.67505178848467 0 1
7 250.67454897078125 250.67454897078125 0 0
8 326.30722054972154 326.30722054972154 0 0
9 262.71614354957353 286.0399511289547 23.323807579381203 1
10 208.10517137703837 208.10517137703837 0 1
11 274.3780473392641 274.3780473392641 0 0
12 293.866189050204 293.866189050204 0 0
13 310.61279404018615 310.61279404018615 0 1
14 116.07860409130224 116.07860409130224 0 1
15 244.17454897078125 244.17454897078125 0 1
16 75.25414762537153 75.25414762537153 0 0
17 312.11279404018615 312.11279404018615 0 0
18 304.2882387198494 304.2882387198494 0 1
19 99.67738462444551 99.67738462444551 0 1
